 1.00000000e+00  1.00000000e+00  0.00000000e+00  9.99999605e-01 -6.28318283e-04 
 1.02329299e+00  1.00000000e+00  0.00000000e+00  9.99999587e-01 -6.42953684e-04 
 1.04712855e+00  1.00000000e+00  0.00000000e+00  9.99999567e-01 -6.57929986e-04 
 1.07151931e+00  1.00000000e+00  0.00000000e+00  9.99999547e-01 -6.73255130e-04 
 1.09647820e+00  1.00000000e+00  0.00000000e+00  9.99999525e-01 -6.88937242e-04 
 1.12201845e+00  1.00000000e+00  0.00000000e+00  9.99999503e-01 -7.04984636e-04 
 1.14815362e+00  1.00000000e+00  0.00000000e+00  9.99999480e-01 -7.21405821e-04 
 1.17489755e+00  1.00000000e+00  0.00000000e+00  9.99999455e-01 -7.38209503e-04 
 1.20226443e+00  1.00000000e+00  0.00000000e+00  9.99999429e-01 -7.55404592e-04 
 1.23026877e+00  1.00000000e+00  0.00000000e+00  9.99999402e-01 -7.73000205e-04 
 1.25892541e+00  1.00000000e+00  0.00000000e+00  9.99999374e-01 -7.91005670e-04 
 1.28824955e+00  1.00000000e+00  0.00000000e+00  9.99999345e-01 -8.09430535e-04 
 1.31825674e+00  1.00000000e+00  0.00000000e+00  9.99999314e-01 -8.28284569e-04 
 1.34896288e+00  1.00000000e+00  0.00000000e+00  9.99999282e-01 -8.47577767e-04 
 1.38038426e+00  1.00000000e+00  0.00000000e+00  9.99999248e-01 -8.67320361e-04 
 1.41253754e+00  1.00000000e+00  0.00000000e+00  9.99999212e-01 -8.87522816e-04 
 1.44543977e+00  1.00000000e+00  0.00000000e+00  9.99999175e-01 -9.08195844e-04 
 1.47910839e+00  1.00000000e+00  0.00000000e+00  9.99999136e-01 -9.29350407e-04 
 1.51356125e+00  1.00000000e+00  0.00000000e+00  9.99999096e-01 -9.50997720e-04 
 1.54881662e+00  1.00000000e+00  0.00000000e+00  9.99999053e-01 -9.73149261e-04 
 1.58489319e+00  1.00000000e+00  0.00000000e+00  9.99999008e-01 -9.95816775e-04 
 1.62181010e+00  1.00000000e+00  0.00000000e+00  9.99998962e-01 -1.01901228e-03 
 1.65958691e+00  1.00000000e+00  0.00000000e+00  9.99998913e-01 -1.04274807e-03 
 1.69824365e+00  1.00000000e+00  0.00000000e+00  9.99998861e-01 -1.06703674e-03 
 1.73780083e+00  1.00000000e+00  0.00000000e+00  9.99998808e-01 -1.09189116e-03 
 1.77827941e+00  1.00000000e+00  0.00000000e+00  9.99998752e-01 -1.11732451e-03 
 1.81970086e+00  1.00000000e+00  0.00000000e+00  9.99998693e-01 -1.14335028e-03 
 1.86208714e+00  1.00000000e+00  0.00000000e+00  9.99998631e-01 -1.16998225e-03 
 1.90546072e+00  1.00000000e+00  0.00000000e+00  9.99998567e-01 -1.19723456e-03 
 1.94984460e+00  1.00000000e+00  0.00000000e+00  9.99998499e-01 -1.22512166e-03 
 1.99526231e+00  1.00000000e+00  0.00000000e+00  9.99998428e-01 -1.25365832e-03 
 2.04173794e+00  1.00000000e+00  0.00000000e+00  9.99998354e-01 -1.28285967e-03 
 2.08929613e+00  1.00000000e+00  0.00000000e+00  9.99998277e-01 -1.31274121e-03 
 2.13796209e+00  1.00000000e+00  0.00000000e+00  9.99998195e-01 -1.34331877e-03 
 2.18776162e+00  1.00000000e+00  0.00000000e+00  9.99998110e-01 -1.37460857e-03 
 2.23872114e+00  1.00000000e+00  0.00000000e+00  9.99998021e-01 -1.40662719e-03 
 2.29086765e+00  1.00000000e+00  0.00000000e+00  9.99997928e-01 -1.43939162e-03 
 2.34422882e+00  1.00000000e+00  0.00000000e+00  9.99997831e-01 -1.47291921e-03 
 2.39883292e+00  1.00000000e+00  0.00000000e+00  9.99997728e-01 -1.50722775e-03 
 2.45470892e+00  1.00000000e+00  0.00000000e+00  9.99997621e-01 -1.54233543e-03 
 2.51188643e+00  1.00000000e+00  0.00000000e+00  9.99997509e-01 -1.57826086e-03 
 2.57039578e+00  1.00000000e+00  0.00000000e+00  9.99997392e-01 -1.61502309e-03 
 2.63026799e+00  1.00000000e+00  0.00000000e+00  9.99997269e-01 -1.65264161e-03 
 2.69153480e+00  1.00000000e+00  0.00000000e+00  9.99997140e-01 -1.69113636e-03 
 2.75422870e+00  1.00000000e+00  0.00000000e+00  9.99997005e-01 -1.73052775e-03 
 2.81838293e+00  1.00000000e+00  0.00000000e+00  9.99996864e-01 -1.77083667e-03 
 2.88403150e+00  1.00000000e+00  0.00000000e+00  9.99996716e-01 -1.81208449e-03 
 2.95120923e+00  1.00000000e+00  0.00000000e+00  9.99996562e-01 -1.85429307e-03 
 3.01995172e+00  1.00000000e+00  0.00000000e+00  9.99996400e-01 -1.89748480e-03 
 3.09029543e+00  1.00000000e+00  0.00000000e+00  9.99996230e-01 -1.94168257e-03 
 3.16227766e+00  1.00000000e+00  0.00000000e+00  9.99996052e-01 -1.98690981e-03 
 3.23593657e+00  1.00000000e+00  0.00000000e+00  9.99995866e-01 -2.03319051e-03 
 3.31131121e+00  1.00000000e+00  0.00000000e+00  9.99995671e-01 -2.08054919e-03 
 3.38844156e+00  1.00000000e+00  0.00000000e+00  9.99995467e-01 -2.12901097e-03 
 3.46736850e+00  1.00000000e+00  0.00000000e+00  9.99995254e-01 -2.17860154e-03 
 3.54813389e+00  1.00000000e+00  0.00000000e+00  9.99995030e-01 -2.22934719e-03 
 3.63078055e+00  1.00000000e+00  0.00000000e+00  9.99994796e-01 -2.28127483e-03 
 3.71535229e+00  1.00000000e+00  0.00000000e+00  9.99994550e-01 -2.33441197e-03 
 3.80189396e+00  1.00000000e+00  0.00000000e+00  9.99994294e-01 -2.38878680e-03 
 3.89045145e+00  1.00000000e+00  0.00000000e+00  9.99994025e-01 -2.44442813e-03 
 3.98107171e+00  1.00000000e+00  0.00000000e+00  9.99993743e-01 -2.50136547e-03 
 4.07380278e+00  1.00000000e+00  0.00000000e+00  9.99993448e-01 -2.55962901e-03 
 4.16869383e+00  1.00000000e+00  0.00000000e+00  9.99993139e-01 -2.61924962e-03 
 4.26579519e+00  1.00000000e+00  0.00000000e+00  9.99992816e-01 -2.68025891e-03 
 4.36515832e+00  1.00000000e+00  0.00000000e+00  9.99992478e-01 -2.74268923e-03 
 4.46683592e+00  1.00000000e+00  0.00000000e+00  9.99992123e-01 -2.80657368e-03 
 4.57088190e+00  1.00000000e+00  0.00000000e+00  9.99991752e-01 -2.87194611e-03 
 4.67735141e+00  1.00000000e+00  0.00000000e+00  9.99991363e-01 -2.93884118e-03 
 4.78630092e+00  1.00000000e+00  0.00000000e+00  9.99990956e-01 -3.00729437e-03 
 4.89778819e+00  1.00000000e+00  0.00000000e+00  9.99990530e-01 -3.07734194e-03 
 5.01187234e+00  1.00000000e+00  0.00000000e+00  9.99990084e-01 -3.14902104e-03 
 5.12861384e+00  1.00000000e+00  0.00000000e+00  9.99989616e-01 -3.22236965e-03 
 5.24807460e+00  1.00000000e+00  0.00000000e+00  9.99989127e-01 -3.29742667e-03 
 5.37031796e+00  1.00000000e+00  0.00000000e+00  9.99988614e-01 -3.37423187e-03 
 5.49540874e+00  1.00000000e+00  0.00000000e+00  9.99988078e-01 -3.45282598e-03 
 5.62341325e+00  1.00000000e+00  0.00000000e+00  9.99987516e-01 -3.53325064e-03 
 5.75439937e+00  1.00000000e+00  0.00000000e+00  9.99986928e-01 -3.61554850e-03 
 5.88843655e+00  1.00000000e+00  0.00000000e+00  9.99986312e-01 -3.69976316e-03 
 6.02559586e+00  1.00000000e+00  0.00000000e+00  9.99985666e-01 -3.78593927e-03 
 6.16595002e+00  1.00000000e+00  0.00000000e+00  9.99984991e-01 -3.87412251e-03 
 6.30957344e+00  1.00000000e+00  0.00000000e+00  9.99984284e-01 -3.96435961e-03 
 6.45654229e+00  1.00000000e+00  0.00000000e+00  9.99983543e-01 -4.05669840e-03 
 6.60693448e+00  1.00000000e+00  0.00000000e+00  9.99982767e-01 -4.15118783e-03 
 6.76082975e+00  1.00000000e+00  0.00000000e+00  9.99981955e-01 -4.24787796e-03 
 6.91830971e+00  1.00000000e+00  0.00000000e+00  9.99981105e-01 -4.34682006e-03 
 7.07945784e+00  1.00000000e+00  0.00000000e+00  9.99980214e-01 -4.44806654e-03 
 7.24435960e+00  1.00000000e+00  0.00000000e+00  9.99979282e-01 -4.55167108e-03 
 7.41310241e+00  1.00000000e+00  0.00000000e+00  9.99978305e-01 -4.65768857e-03 
 7.58577575e+00  1.00000000e+00  0.00000000e+00  9.99977283e-01 -4.76617520e-03 
 7.76247117e+00  1.00000000e+00  0.00000000e+00  9.99976212e-01 -4.87718846e-03 
 7.94328235e+00  1.00000000e+00  0.00000000e+00  9.99975091e-01 -4.99078718e-03 
 8.12830516e+00  1.00000000e+00  0.00000000e+00  9.99973918e-01 -5.10703155e-03 
 8.31763771e+00  1.00000000e+00  0.00000000e+00  9.99972688e-01 -5.22598317e-03 
 8.51138038e+00  1.00000000e+00  0.00000000e+00  9.99971401e-01 -5.34770507e-03 
 8.70963590e+00  1.00000000e+00  0.00000000e+00  9.99970053e-01 -5.47226175e-03 
 8.91250938e+00  1.00000000e+00  0.00000000e+00  9.99968642e-01 -5.59971920e-03 
 9.12010839e+00  1.00000000e+00  0.00000000e+00  9.99967164e-01 -5.73014495e-03 
 9.33254301e+00  1.00000000e+00  0.00000000e+00  9.99965617e-01 -5.86360809e-03 
 9.54992586e+00  1.00000000e+00  0.00000000e+00  9.99963997e-01 -6.00017935e-03 
 9.77237221e+00  1.00000000e+00  0.00000000e+00  9.99962300e-01 -6.13993106e-03 
 1.00000000e+01  1.00000000e+00  0.00000000e+00  9.99960523e-01 -6.28293727e-03 
 1.02329299e+01  1.00000000e+00  0.00000000e+00  9.99958663e-01 -6.42927371e-03 
 1.04712855e+01  1.00000000e+00  0.00000000e+00  9.99956715e-01 -6.57901792e-03 
 1.07151931e+01  1.00000000e+00  0.00000000e+00  9.99954675e-01 -6.73224920e-03 
 1.09647820e+01  1.00000000e+00  0.00000000e+00  9.99952539e-01 -6.88904871e-03 
 1.12201845e+01  1.00000000e+00  0.00000000e+00  9.99950302e-01 -7.04949950e-03 
 1.14815362e+01  1.00000000e+00  0.00000000e+00  9.99947960e-01 -7.21368655e-03 
 1.17489755e+01  1.00000000e+00  0.00000000e+00  9.99945508e-01 -7.38169679e-03 
 1.20226443e+01  1.00000000e+00  0.00000000e+00  9.99942940e-01 -7.55361919e-03 
 1.23026877e+01  1.00000000e+00  0.00000000e+00  9.99940251e-01 -7.72954480e-03 
 1.25892541e+01  1.00000000e+00  0.00000000e+00  9.99937435e-01 -7.90956676e-03 
 1.28824955e+01  1.00000000e+00  0.00000000e+00  9.99934486e-01 -8.09378037e-03 
 1.31825674e+01  1.00000000e+00  0.00000000e+00  9.99931399e-01 -8.28228316e-03 
 1.34896288e+01  1.00000000e+00  0.00000000e+00  9.99928166e-01 -8.47517492e-03 
 1.38038426e+01  1.00000000e+00  0.00000000e+00  9.99924781e-01 -8.67255774e-03 
 1.41253754e+01  1.00000000e+00  0.00000000e+00  9.99921236e-01 -8.87453610e-03 
 1.44543977e+01  1.00000000e+00  0.00000000e+00  9.99917525e-01 -9.08121689e-03 
 1.47910839e+01  1.00000000e+00  0.00000000e+00  9.99913638e-01 -9.29270949e-03 
 1.51356125e+01  1.00000000e+00  0.00000000e+00  9.99909568e-01 -9.50912579e-03 
 1.54881662e+01  1.00000000e+00  0.00000000e+00  9.99905307e-01 -9.73058032e-03 
 1.58489319e+01  1.00000000e+00  0.00000000e+00  9.99900845e-01 -9.95719021e-03 
 1.62181010e+01  1.00000000e+00  0.00000000e+00  9.99896172e-01 -1.01890754e-02 
 1.65958691e+01  1.00000000e+00  0.00000000e+00  9.99891279e-01 -1.04263584e-02 
 1.69824365e+01  1.00000000e+00  0.00000000e+00  9.99886156e-01 -1.06691648e-02 
 1.73780083e+01  1.00000000e+00  0.00000000e+00  9.99880791e-01 -1.09176230e-02 
 1.77827941e+01  1.00000000e+00  0.00000000e+00  9.99875174e-01 -1.11718643e-02 
 1.81970086e+01  1.00000000e+00  0.00000000e+00  9.99869292e-01 -1.14320232e-02 
 1.86208714e+01  1.00000000e+00  0.00000000e+00  9.99863133e-01 -1.16982372e-02 
 1.90546072e+01  1.00000000e+00  0.00000000e+00  9.99856683e-01 -1.19706469e-02 
 1.94984460e+01  1.00000000e+00  0.00000000e+00  9.99849930e-01 -1.22493964e-02 
 1.99526231e+01  1.00000000e+00  0.00000000e+00  9.99842858e-01 -1.25346328e-02 
 2.04173794e+01  1.00000000e+00  0.00000000e+00  9.99835454e-01 -1.28265070e-02 
 2.08929613e+01  1.00000000e+00  0.00000000e+00  9.99827700e-01 -1.31251729e-02 
 2.13796209e+01  1.00000000e+00  0.00000000e+00  9.99819581e-01 -1.34307884e-02 
 2.18776162e+01  1.00000000e+00  0.00000000e+00  9.99811080e-01 -1.37435148e-02 
 2.23872114e+01  1.00000000e+00  0.00000000e+00  9.99802178e-01 -1.40635171e-02 
 2.29086765e+01  1.00000000e+00  0.00000000e+00  9.99792857e-01 -1.43909644e-02 
 2.34422882e+01  1.00000000e+00  0.00000000e+00  9.99783097e-01 -1.47260292e-02 
 2.39883292e+01  1.00000000e+00  0.00000000e+00  9.99772877e-01 -1.50688885e-02 
 2.45470892e+01  1.00000000e+00  0.00000000e+00  9.99762176e-01 -1.54197229e-02 
 2.51188643e+01  1.00000000e+00  0.00000000e+00  9.99750970e-01 -1.57787176e-02 
 2.57039578e+01  1.00000000e+00  0.00000000e+00  9.99739237e-01 -1.61460616e-02 
 2.63026799e+01  1.00000000e+00  0.00000000e+00  9.99726951e-01 -1.65219487e-02 
 2.69153480e+01  1.00000000e+00  0.00000000e+00  9.99714086e-01 -1.69065767e-02 
 2.75422870e+01  1.00000000e+00  0.00000000e+00  9.99700615e-01 -1.73001484e-02 
 2.81838293e+01  1.00000000e+00  0.00000000e+00  9.99686510e-01 -1.77028708e-02 
 2.88403150e+01  1.00000000e+00  0.00000000e+00  9.99671741e-01 -1.81149560e-02 
 2.95120923e+01  1.00000000e+00  0.00000000e+00  9.99656276e-01 -1.85366208e-02 
 3.01995172e+01  1.00000000e+00  0.00000000e+00  9.99640082e-01 -1.89680869e-02 
 3.09029543e+01  1.00000000e+00  0.00000000e+00  9.99623126e-01 -1.94095811e-02 
 3.16227766e+01  1.00000000e+00  0.00000000e+00  9.99605372e-01 -1.98613356e-02 
 3.23593657e+01  1.00000000e+00  0.00000000e+00  9.99586781e-01 -2.03235875e-02 
 3.31131121e+01  1.00000000e+00  0.00000000e+00  9.99567315e-01 -2.07965797e-02 
 3.38844156e+01  1.00000000e+00  0.00000000e+00  9.99546932e-01 -2.12805603e-02 
 3.46736850e+01  1.00000000e+00  0.00000000e+00  9.99525590e-01 -2.17757833e-02 
 3.54813389e+01  1.00000000e+00  0.00000000e+00  9.99503243e-01 -2.22825082e-02 
 3.63078055e+01  1.00000000e+00  0.00000000e+00  9.99479844e-01 -2.28010007e-02 
 3.71535229e+01  1.00000000e+00  0.00000000e+00  9.99455343e-01 -2.33315323e-02 
 3.80189396e+01  1.00000000e+00  0.00000000e+00  9.99429689e-01 -2.38743807e-02 
 3.89045145e+01  1.00000000e+00  0.00000000e+00  9.99402827e-01 -2.44298298e-02 
 3.98107171e+01  1.00000000e+00  0.00000000e+00  9.99374700e-01 -2.49981701e-02 
 4.07380278e+01  1.00000000e+00  0.00000000e+00  9.99345250e-01 -2.55796985e-02 
 4.16869383e+01  1.00000000e+00  0.00000000e+00  9.99314414e-01 -2.61747185e-02 
 4.26579519e+01  1.00000000e+00  0.00000000e+00  9.99282127e-01 -2.67835406e-02 
 4.36515832e+01  1.00000000e+00  0.00000000e+00  9.99248320e-01 -2.74064822e-02 
 4.46683592e+01  1.00000000e+00  0.00000000e+00  9.99212922e-01 -2.80438677e-02 
 4.57088190e+01  1.00000000e+00  0.00000000e+00  9.99175859e-01 -2.86960289e-02 
 4.67735141e+01  1.00000000e+00  0.00000000e+00  9.99137052e-01 -2.93633048e-02 
 4.78630092e+01  1.00000000e+00  0.00000000e+00  9.99096419e-01 -3.00460420e-02 
 4.89778819e+01  1.00000000e+00  0.00000000e+00  9.99053875e-01 -3.07445950e-02 
 5.01187234e+01  1.00000000e+00  0.00000000e+00  9.99009329e-01 -3.14593259e-02 
 5.12861384e+01  1.00000000e+00  0.00000000e+00  9.98962689e-01 -3.21906048e-02 
 5.24807460e+01  1.00000000e+00  0.00000000e+00  9.98913855e-01 -3.29388100e-02 
 5.37031796e+01  1.00000000e+00  0.00000000e+00  9.98862725e-01 -3.37043282e-02 
 5.49540874e+01  1.00000000e+00  0.00000000e+00  9.98809191e-01 -3.44875544e-02 
 5.62341325e+01  1.00000000e+00  0.00000000e+00  9.98753139e-01 -3.52888923e-02 
 5.75439937e+01  1.00000000e+00  0.00000000e+00  9.98694453e-01 -3.61087543e-02 
 5.88843655e+01  1.00000000e+00  0.00000000e+00  9.98633009e-01 -3.69475619e-02 
 6.02559586e+01  1.00000000e+00  0.00000000e+00  9.98568677e-01 -3.78057456e-02 
 6.16595002e+01  1.00000000e+00  0.00000000e+00  9.98501322e-01 -3.86837451e-02 
 6.30957344e+01  1.00000000e+00  0.00000000e+00  9.98430802e-01 -3.95820095e-02 
 6.45654229e+01  1.00000000e+00  0.00000000e+00  9.98356970e-01 -4.05009978e-02 
 6.60693448e+01  1.00000000e+00  0.00000000e+00  9.98279669e-01 -4.14411783e-02 
 6.76082975e+01  1.00000000e+00  0.00000000e+00  9.98198739e-01 -4.24030294e-02 
 6.91830971e+01  1.00000000e+00  0.00000000e+00  9.98114008e-01 -4.33870397e-02 
 7.07945784e+01  1.00000000e+00  0.00000000e+00  9.98025299e-01 -4.43937078e-02 
 7.24435960e+01  1.00000000e+00  0.00000000e+00  9.97932427e-01 -4.54235427e-02 
 7.41310241e+01  1.00000000e+00  0.00000000e+00  9.97835196e-01 -4.64770642e-02 
 7.58577575e+01  1.00000000e+00  0.00000000e+00  9.97733403e-01 -4.75548023e-02 
 7.76247117e+01  1.00000000e+00  0.00000000e+00  9.97626835e-01 -4.86572983e-02 
 7.94328235e+01  1.00000000e+00  0.00000000e+00  9.97515270e-01 -4.97851042e-02 
 8.12830516e+01  1.00000000e+00  0.00000000e+00  9.97398472e-01 -5.09387833e-02 
 8.31763771e+01  1.00000000e+00  0.00000000e+00  9.97276200e-01 -5.21189098e-02 
 8.51138038e+01  1.00000000e+00  0.00000000e+00  9.97148198e-01 -5.33260698e-02 
 8.70963590e+01  1.00000000e+00  0.00000000e+00  9.97014197e-01 -5.45608605e-02 
 8.91250938e+01  1.00000000e+00  0.00000000e+00  9.96873921e-01 -5.58238909e-02 
 9.12010839e+01  1.00000000e+00  0.00000000e+00  9.96727075e-01 -5.71157816e-02 
 9.33254301e+01  1.00000000e+00  0.00000000e+00  9.96573356e-01 -5.84371652e-02 
 9.54992586e+01  1.00000000e+00  0.00000000e+00  9.96412442e-01 -5.97886862e-02 
 9.77237221e+01  1.00000000e+00  0.00000000e+00  9.96244001e-01 -6.11710010e-02 
 1.00000000e+02  1.00000000e+00  0.00000000e+00  9.96067682e-01 -6.25847783e-02 
 1.02329299e+02  1.00000000e+00  0.00000000e+00  9.95883121e-01 -6.40306986e-02 
 1.04712855e+02  1.00000000e+00  0.00000000e+00  9.95689935e-01 -6.55094548e-02 
 1.07151931e+02  1.00000000e+00  0.00000000e+00  9.95487724e-01 -6.70217521e-02 
 1.09647820e+02  1.00000000e+00  0.00000000e+00  9.95276072e-01 -6.85683077e-02 
 1.12201845e+02  1.00000000e+00  0.00000000e+00  9.95054541e-01 -7.01498512e-02 
 1.14815362e+02  1.00000000e+00  0.00000000e+00  9.94822675e-01 -7.17671242e-02 
 1.17489755e+02  1.00000000e+00  0.00000000e+00  9.94579998e-01 -7.34208806e-02 
 1.20226443e+02  1.00000000e+00  0.00000000e+00  9.94326010e-01 -7.51118863e-02 
 1.23026877e+02  1.00000000e+00  0.00000000e+00  9.94060192e-01 -7.68409191e-02 
 1.25892541e+02  1.00000000e+00  0.00000000e+00  9.93781998e-01 -7.86087687e-02 
 1.28824955e+02  1.00000000e+00  0.00000000e+00  9.93490860e-01 -8.04162365e-02 
 1.31825674e+02  1.00000000e+00  0.00000000e+00  9.93186184e-01 -8.22641355e-02 
 1.34896288e+02  1.00000000e+00  0.00000000e+00  9.92867349e-01 -8.41532896e-02 
 1.38038426e+02  1.00000000e+00  0.00000000e+00  9.92533707e-01 -8.60845341e-02 
 1.41253754e+02  1.00000000e+00  0.00000000e+00  9.92184582e-01 -8.80587147e-02 
 1.44543977e+02  1.00000000e+00  0.00000000e+00  9.91819266e-01 -9.00766878e-02 
 1.47910839e+02  1.00000000e+00  0.00000000e+00  9.91437021e-01 -9.21393195e-02 
 1.51356125e+02  1.00000000e+00  0.00000000e+00  9.91037078e-01 -9.42474853e-02 
 1.54881662e+02  1.00000000e+00  0.00000000e+00  9.90618631e-01 -9.64020701e-02 
 1.58489319e+02  1.00000000e+00  0.00000000e+00  9.90180842e-01 -9.86039670e-02 
 1.62181010e+02  1.00000000e+00  0.00000000e+00  9.89722835e-01 -1.00854077e-01 
 1.65958691e+02  1.00000000e+00  0.00000000e+00  9.89243697e-01 -1.03153308e-01 
 1.69824365e+02  1.00000000e+00  0.00000000e+00  9.88742475e-01 -1.05502575e-01 
 1.73780083e+02  1.00000000e+00  0.00000000e+00  9.88218175e-01 -1.07902798e-01 
 1.77827941e+02  1.00000000e+00  0.00000000e+00  9.87669761e-01 -1.10354901e-01 
 1.81970086e+02  1.00000000e+00  0.00000000e+00  9.87096153e-01 -1.12859813e-01 
 1.86208714e+02  1.00000000e+00  0.00000000e+00  9.86496226e-01 -1.15418466e-01 
 1.90546072e+02  1.00000000e+00  0.00000000e+00  9.85868806e-01 -1.18031790e-01 
 1.94984460e+02  1.00000000e+00  0.00000000e+00  9.85212671e-01 -1.20700719e-01 
 1.99526231e+02  1.00000000e+00  0.00000000e+00  9.84526550e-01 -1.23426184e-01 
 2.04173794e+02  1.00000000e+00  0.00000000e+00  9.83809115e-01 -1.26209112e-01 
 2.08929613e+02  1.00000000e+00  0.00000000e+00  9.83058989e-01 -1.29050427e-01 
 2.13796209e+02  1.00000000e+00  0.00000000e+00  9.82274736e-01 -1.31951048e-01 
 2.18776162e+02  1.00000000e+00  0.00000000e+00  9.81454862e-01 -1.34911882e-01 
 2.23872114e+02  1.00000000e+00  0.00000000e+00  9.80597814e-01 -1.37933828e-01 
 2.29086765e+02  1.00000000e+00  0.00000000e+00  9.79701978e-01 -1.41017773e-01 
 2.34422882e+02  1.00000000e+00  0.00000000e+00  9.78765675e-01 -1.44164589e-01 
 2.39883292e+02  1.00000000e+00  0.00000000e+00  9.77787161e-01 -1.47375129e-01 
 2.45470892e+02  1.00000000e+00  0.00000000e+00  9.76764626e-01 -1.50650227e-01 
 2.51188643e+02  1.00000000e+00  0.00000000e+00  9.75696191e-01 -1.53990695e-01 
 2.57039578e+02  1.00000000e+00  0.00000000e+00  9.74579904e-01 -1.57397315e-01 
 2.63026799e+02  1.00000000e+00  0.00000000e+00  9.73413742e-01 -1.60870844e-01 
 2.69153480e+02  1.00000000e+00  0.00000000e+00  9.72195609e-01 -1.64412004e-01 
 2.75422870e+02  1.00000000e+00  0.00000000e+00  9.70923330e-01 -1.68021480e-01 
 2.81838293e+02  1.00000000e+00  0.00000000e+00  9.69594654e-01 -1.71699915e-01 
 2.88403150e+02  1.00000000e+00  0.00000000e+00  9.68207252e-01 -1.75447910e-01 
 2.95120923e+02  1.00000000e+00  0.00000000e+00  9.66758713e-01 -1.79266014e-01 
 3.01995172e+02  1.00000000e+00  0.00000000e+00  9.65246545e-01 -1.83154724e-01 
 3.09029543e+02  1.00000000e+00  0.00000000e+00  9.63668172e-01 -1.87114474e-01 
 3.16227766e+02  1.00000000e+00  0.00000000e+00  9.62020936e-01 -1.91145638e-01 
 3.23593657e+02  1.00000000e+00  0.00000000e+00  9.60302093e-01 -1.95248517e-01 
 3.31131121e+02  1.00000000e+00  0.00000000e+00  9.58508814e-01 -1.99423337e-01 
 3.38844156e+02  1.00000000e+00  0.00000000e+00  9.56638185e-01 -2.03670243e-01 
 3.46736850e+02  1.00000000e+00  0.00000000e+00  9.54687206e-01 -2.07989289e-01 
 3.54813389e+02  1.00000000e+00  0.00000000e+00  9.52652791e-01 -2.12380438e-01 
 3.63078055e+02  1.00000000e+00  0.00000000e+00  9.50531770e-01 -2.16843548e-01 
 3.71535229e+02  1.00000000e+00  0.00000000e+00  9.48320887e-01 -2.21378369e-01 
 3.80189396e+02  1.00000000e+00  0.00000000e+00  9.46016805e-01 -2.25984535e-01 
 3.89045145e+02  1.00000000e+00  0.00000000e+00  9.43616104e-01 -2.30661553e-01 
 3.98107171e+02  1.00000000e+00  0.00000000e+00  9.41115287e-01 -2.35408801e-01 
 4.07380278e+02  1.00000000e+00  0.00000000e+00  9.38510778e-01 -2.40225515e-01 
 4.16869383e+02  1.00000000e+00  0.00000000e+00  9.35798928e-01 -2.45110780e-01 
 4.26579519e+02  1.00000000e+00  0.00000000e+00  9.32976019e-01 -2.50063525e-01 
 4.36515832e+02  1.00000000e+00  0.00000000e+00  9.30038268e-01 -2.55082513e-01 
 4.46683592e+02  1.00000000e+00  0.00000000e+00  9.26981828e-01 -2.60166329e-01 
 4.57088190e+02  1.00000000e+00  0.00000000e+00  9.23802800e-01 -2.65313374e-01 
 4.67735141e+02  1.00000000e+00  0.00000000e+00  9.20497236e-01 -2.70521855e-01 
 4.78630092e+02  1.00000000e+00  0.00000000e+00  9.17061146e-01 -2.75789776e-01 
 4.89778819e+02  1.00000000e+00  0.00000000e+00  9.13490505e-01 -2.81114926e-01 
 5.01187234e+02  1.00000000e+00  0.00000000e+00  9.09781266e-01 -2.86494876e-01 
 5.12861384e+02  1.00000000e+00  0.00000000e+00  9.05929365e-01 -2.91926961e-01 
 5.24807460e+02  1.00000000e+00  0.00000000e+00  9.01930734e-01 -2.97408280e-01 
 5.37031796e+02  1.00000000e+00  0.00000000e+00  8.97781313e-01 -3.02935681e-01 
 5.49540874e+02  1.00000000e+00  0.00000000e+00  8.93477060e-01 -3.08505759e-01 
 5.62341325e+02  1.00000000e+00  0.00000000e+00  8.89013969e-01 -3.14114839e-01 
 5.75439937e+02  1.00000000e+00  0.00000000e+00  8.84388079e-01 -3.19758979e-01 
 5.88843655e+02  1.00000000e+00  0.00000000e+00  8.79595496e-01 -3.25433956e-01 
 6.02559586e+02  1.00000000e+00  0.00000000e+00  8.74632403e-01 -3.31135263e-01 
 6.16595002e+02  1.00000000e+00  0.00000000e+00  8.69495085e-01 -3.36858104e-01 
 6.30957344e+02  1.00000000e+00  0.00000000e+00  8.64179940e-01 -3.42597389e-01 
 6.45654229e+02  1.00000000e+00  0.00000000e+00  8.58683505e-01 -3.48347733e-01 
 6.60693448e+02  1.00000000e+00  0.00000000e+00  8.53002473e-01 -3.54103451e-01 
 6.76082975e+02  1.00000000e+00  0.00000000e+00  8.47133717e-01 -3.59858559e-01 
 6.91830971e+02  1.00000000e+00  0.00000000e+00  8.41074310e-01 -3.65606776e-01 
 7.07945784e+02  1.00000000e+00  0.00000000e+00  8.34821549e-01 -3.71341527e-01 
 7.24435960e+02  1.00000000e+00  0.00000000e+00  8.28372980e-01 -3.77055945e-01 
 7.41310241e+02  1.00000000e+00  0.00000000e+00  8.21726420e-01 -3.82742878e-01 
 7.58577575e+02  1.00000000e+00  0.00000000e+00  8.14879981e-01 -3.88394899e-01 
 7.76247117e+02  1.00000000e+00  0.00000000e+00  8.07832100e-01 -3.94004312e-01 
 7.94328235e+02  1.00000000e+00  0.00000000e+00  8.00581558e-01 -3.99563170e-01 
 8.12830516e+02  1.00000000e+00  0.00000000e+00  7.93127507e-01 -4.05063285e-01 
 8.31763771e+02  1.00000000e+00  0.00000000e+00  7.85469493e-01 -4.10496247e-01 
 8.51138038e+02  1.00000000e+00  0.00000000e+00  7.77607484e-01 -4.15853442e-01 
 8.70963590e+02  1.00000000e+00  0.00000000e+00  7.69541887e-01 -4.21126075e-01 
 8.91250938e+02  1.00000000e+00  0.00000000e+00  7.61273576e-01 -4.26305194e-01 
 9.12010839e+02  1.00000000e+00  0.00000000e+00  7.52803908e-01 -4.31381715e-01 
 9.33254301e+02  1.00000000e+00  0.00000000e+00  7.44134743e-01 -4.36346453e-01 
 9.54992586e+02  1.00000000e+00  0.00000000e+00  7.35268466e-01 -4.41190151e-01 
 9.77237221e+02  1.00000000e+00  0.00000000e+00  7.26207995e-01 -4.45903513e-01 
 1.00000000e+03  1.00000000e+00  0.00000000e+00  7.16956800e-01 -4.50477243e-01 
 1.02329299e+03  1.00000000e+00  0.00000000e+00  7.07518912e-01 -4.54902079e-01 
 1.04712855e+03  1.00000000e+00  0.00000000e+00  6.97898927e-01 -4.59168830e-01 
 1.07151931e+03  1.00000000e+00  0.00000000e+00  6.88102016e-01 -4.63268423e-01 
 1.09647820e+03  1.00000000e+00  0.00000000e+00  6.78133923e-01 -4.67191936e-01 
 1.12201845e+03  1.00000000e+00  0.00000000e+00  6.68000962e-01 -4.70930650e-01 
 1.14815362e+03  1.00000000e+00  0.00000000e+00  6.57710015e-01 -4.74476081e-01 
 1.17489755e+03  1.00000000e+00  0.00000000e+00  6.47268519e-01 -4.77820032e-01 
 1.20226443e+03  1.00000000e+00  0.00000000e+00  6.36684453e-01 -4.80954634e-01 
 1.23026877e+03  1.00000000e+00  0.00000000e+00  6.25966324e-01 -4.83872385e-01 
 1.25892541e+03  1.00000000e+00  0.00000000e+00  6.15123140e-01 -4.86566196e-01 
 1.28824955e+03  1.00000000e+00  0.00000000e+00  6.04164390e-01 -4.89029426e-01 
 1.31825674e+03  1.00000000e+00  0.00000000e+00  5.93100016e-01 -4.91255928e-01 
 1.34896288e+03  1.00000000e+00  0.00000000e+00  5.81940375e-01 -4.93240078e-01 
 1.38038426e+03  1.00000000e+00  0.00000000e+00  5.70696209e-01 -4.94976814e-01 
 1.41253754e+03  1.00000000e+00  0.00000000e+00  5.59378601e-01 -4.96461662e-01 
 1.44543977e+03  1.00000000e+00  0.00000000e+00  5.47998939e-01 -4.97690769e-01 
 1.47910839e+03  1.00000000e+00  0.00000000e+00  5.36568866e-01 -4.98660925e-01 
 1.51356125e+03  1.00000000e+00  0.00000000e+00  5.25100238e-01 -4.99369581e-01 
 1.54881662e+03  1.00000000e+00  0.00000000e+00  5.13605070e-01 -4.99814868e-01 
 1.58489319e+03  1.00000000e+00  0.00000000e+00  5.02095492e-01 -4.99995609e-01 
 1.62181010e+03  1.00000000e+00  0.00000000e+00  4.90583692e-01 -4.99911325e-01 
 1.65958691e+03  1.00000000e+00  0.00000000e+00  4.79081870e-01 -4.99562240e-01 
 1.69824365e+03  1.00000000e+00  0.00000000e+00  4.67602183e-01 -4.98949277e-01 
 1.73780083e+03  1.00000000e+00  0.00000000e+00  4.56156693e-01 -4.98074055e-01 
 1.77827941e+03  1.00000000e+00  0.00000000e+00  4.44757320e-01 -4.96938876e-01 
 1.81970086e+03  1.00000000e+00  0.00000000e+00  4.33415791e-01 -4.95546711e-01 
 1.86208714e+03  1.00000000e+00  0.00000000e+00  4.22143590e-01 -4.93901184e-01 
 1.90546072e+03  1.00000000e+00  0.00000000e+00  4.10951917e-01 -4.92006544e-01 
 1.94984460e+03  1.00000000e+00  0.00000000e+00  3.99851643e-01 -4.89867642e-01 
 1.99526231e+03  1.00000000e+00  0.00000000e+00  3.88853270e-01 -4.87489902e-01 
 2.04173794e+03  1.00000000e+00  0.00000000e+00  3.77966895e-01 -4.84879285e-01 
 2.08929613e+03  1.00000000e+00  0.00000000e+00  3.67202173e-01 -4.82042257e-01 
 2.13796209e+03  1.00000000e+00  0.00000000e+00  3.56568293e-01 -4.78985747e-01 
 2.18776162e+03  1.00000000e+00  0.00000000e+00  3.46073946e-01 -4.75717111e-01 
 2.23872114e+03  1.00000000e+00  0.00000000e+00  3.35727305e-01 -4.72244091e-01 
 2.29086765e+03  1.00000000e+00  0.00000000e+00  3.25536007e-01 -4.68574770e-01 
 2.34422882e+03  1.00000000e+00  0.00000000e+00  3.15507137e-01 -4.64717531e-01 
 2.39883292e+03  1.00000000e+00  0.00000000e+00  3.05647216e-01 -4.60681013e-01 
 2.45470892e+03  1.00000000e+00  0.00000000e+00  2.95962197e-01 -4.56474068e-01 
 2.51188643e+03  1.00000000e+00  0.00000000e+00  2.86457458e-01 -4.52105721e-01 
 2.57039578e+03  1.00000000e+00  0.00000000e+00  2.77137806e-01 -4.47585123e-01 
 2.63026799e+03  1.00000000e+00  0.00000000e+00  2.68007476e-01 -4.42921515e-01 
 2.69153480e+03  1.00000000e+00  0.00000000e+00  2.59070140e-01 -4.38124186e-01 
 2.75422870e+03  1.00000000e+00  0.00000000e+00  2.50328918e-01 -4.33202436e-01 
 2.81838293e+03  1.00000000e+00  0.00000000e+00  2.41786385e-01 -4.28165539e-01 
 2.88403150e+03  1.00000000e+00  0.00000000e+00  2.33444591e-01 -4.23022711e-01 
 2.95120923e+03  1.00000000e+00  0.00000000e+00  2.25305075e-01 -4.17783075e-01 
 3.01995172e+03  1.00000000e+00  0.00000000e+00  2.17368883e-01 -4.12455636e-01 
 3.09029543e+03  1.00000000e+00  0.00000000e+00  2.09636591e-01 -4.07049249e-01 
 3.16227766e+03  1.00000000e+00  0.00000000e+00  2.02108323e-01 -4.01572595e-01 
 3.23593657e+03  1.00000000e+00  0.00000000e+00  1.94783776e-01 -3.96034161e-01 
 3.31131121e+03  1.00000000e+00  0.00000000e+00  1.87662243e-01 -3.90442218e-01 
 3.38844156e+03  1.00000000e+00  0.00000000e+00  1.80742638e-01 -3.84804803e-01 
 3.46736850e+03  1.00000000e+00  0.00000000e+00  1.74023518e-01 -3.79129705e-01 
 3.54813389e+03  1.00000000e+00  0.00000000e+00  1.67503113e-01 -3.73424450e-01 
 3.63078055e+03  1.00000000e+00  0.00000000e+00  1.61179343e-01 -3.67696291e-01 
 3.71535229e+03  1.00000000e+00  0.00000000e+00  1.55049850e-01 -3.61952199e-01 
 3.80189396e+03  1.00000000e+00  0.00000000e+00  1.49112020e-01 -3.56198856e-01 
 3.89045145e+03  1.00000000e+00  0.00000000e+00  1.43363003e-01 -3.50442652e-01 
 3.98107171e+03  1.00000000e+00  0.00000000e+00  1.37799744e-01 -3.44689679e-01 
 4.07380278e+03  1.00000000e+00  0.00000000e+00  1.32418998e-01 -3.38945728e-01 
 4.16869383e+03  1.00000000e+00  0.00000000e+00  1.27217356e-01 -3.33216296e-01 
 4.26579519e+03  1.00000000e+00  0.00000000e+00  1.22191265e-01 -3.27506580e-01 
 4.36515832e+03  1.00000000e+00  0.00000000e+00  1.17337049e-01 -3.21821481e-01 
 4.46683592e+03  1.00000000e+00  0.00000000e+00  1.12650925e-01 -3.16165612e-01 
 4.57088190e+03  1.00000000e+00  0.00000000e+00  1.08129027e-01 -3.10543298e-01 
 4.67735141e+03  1.00000000e+00  0.00000000e+00  1.03767414e-01 -3.04958584e-01 
 4.78630092e+03  1.00000000e+00  0.00000000e+00  9.95620962e-02 -2.99415239e-01 
 4.89778819e+03  1.00000000e+00  0.00000000e+00  9.55090428e-02 -2.93916766e-01 
 5.01187234e+03  1.00000000e+00  0.00000000e+00  9.16041990e-02 -2.88466410e-01 
 5.12861384e+03  1.00000000e+00  0.00000000e+00  8.78434980e-02 -2.83067161e-01 
 5.24807460e+03  1.00000000e+00  0.00000000e+00  8.42228736e-02 -2.77721769e-01 
 5.37031796e+03  1.00000000e+00  0.00000000e+00  8.07382707e-02 -2.72432748e-01 
 5.49540874e+03  1.00000000e+00  0.00000000e+00  7.73856555e-02 -2.67202387e-01 
 5.62341325e+03  1.00000000e+00  0.00000000e+00  7.41610248e-02 -2.62032760e-01 
 5.75439937e+03  1.00000000e+00  0.00000000e+00  7.10604140e-02 -2.56925732e-01 
 5.88843655e+03  1.00000000e+00  0.00000000e+00  6.80799048e-02 -2.51882972e-01 
 6.02559586e+03  1.00000000e+00  0.00000000e+00  6.52156316e-02 -2.46905960e-01 
 6.16595002e+03  1.00000000e+00  0.00000000e+00  6.24637876e-02 -2.41995998e-01 
 6.30957344e+03  1.00000000e+00  0.00000000e+00  5.98206298e-02 -2.37154216e-01 
 6.45654229e+03  1.00000000e+00  0.00000000e+00  5.72824837e-02 -2.32381584e-01 
 6.60693448e+03  1.00000000e+00  0.00000000e+00  5.48457470e-02 -2.27678921e-01 
 6.76082975e+03  1.00000000e+00  0.00000000e+00  5.25068932e-02 -2.23046900e-01 
 6.91830971e+03  1.00000000e+00  0.00000000e+00  5.02624740e-02 -2.18486058e-01 
 7.07945784e+03  1.00000000e+00  0.00000000e+00  4.81091217e-02 -2.13996809e-01 
 7.24435960e+03  1.00000000e+00  0.00000000e+00  4.60435511e-02 -2.09579442e-01 
 7.41310241e+03  1.00000000e+00  0.00000000e+00  4.40625609e-02 -2.05234138e-01 
 7.58577575e+03  1.00000000e+00  0.00000000e+00  4.21630342e-02 -2.00960973e-01 
 7.76247117e+03  1.00000000e+00  0.00000000e+00  4.03419399e-02 -1.96759924e-01 
 7.94328235e+03  1.00000000e+00  0.00000000e+00  3.85963324e-02 -1.92630879e-01 
 8.12830516e+03  1.00000000e+00  0.00000000e+00  3.69233516e-02 -1.88573640e-01 
 8.31763771e+03  1.00000000e+00  0.00000000e+00  3.53202231e-02 -1.84587933e-01 
 8.51138038e+03  1.00000000e+00  0.00000000e+00  3.37842570e-02 -1.80673410e-01 
 8.70963590e+03  1.00000000e+00  0.00000000e+00  3.23128480e-02 -1.76829658e-01 
 8.91250938e+03  1.00000000e+00  0.00000000e+00  3.09034738e-02 -1.73056202e-01 
 9.12010839e+03  1.00000000e+00  0.00000000e+00  2.95536941e-02 -1.69352512e-01 
 9.33254301e+03  1.00000000e+00  0.00000000e+00  2.82611500e-02 -1.65718006e-01 
 9.54992586e+03  1.00000000e+00  0.00000000e+00  2.70235616e-02 -1.62152054e-01 
 9.77237221e+03  1.00000000e+00  0.00000000e+00  2.58387276e-02 -1.58653988e-01 
 1.00000000e+04  1.00000000e+00  0.00000000e+00  2.47045230e-02 -1.55223096e-01 
 1.02329299e+04  1.00000000e+00  0.00000000e+00  2.36188979e-02 -1.51858637e-01 
 1.04712855e+04  1.00000000e+00  0.00000000e+00  2.25798753e-02 -1.48559835e-01 
 1.07151931e+04  1.00000000e+00  0.00000000e+00  2.15855501e-02 -1.45325889e-01 
 1.09647820e+04  1.00000000e+00  0.00000000e+00  2.06340865e-02 -1.42155974e-01 
 1.12201845e+04  1.00000000e+00  0.00000000e+00  1.97237168e-02 -1.39049242e-01 
 1.14815362e+04  1.00000000e+00  0.00000000e+00  1.88527392e-02 -1.36004829e-01 
 1.17489755e+04  1.00000000e+00  0.00000000e+00  1.80195159e-02 -1.33021851e-01 
 1.20226443e+04  1.00000000e+00  0.00000000e+00  1.72224717e-02 -1.30099417e-01 
 1.23026877e+04  1.00000000e+00  0.00000000e+00  1.64600917e-02 -1.27236618e-01 
 1.25892541e+04  1.00000000e+00  0.00000000e+00  1.57309194e-02 -1.24432542e-01 
 1.28824955e+04  1.00000000e+00  0.00000000e+00  1.50335553e-02 -1.21686267e-01 
 1.31825674e+04  1.00000000e+00  0.00000000e+00  1.43666546e-02 -1.18996865e-01 
 1.34896288e+04  1.00000000e+00  0.00000000e+00  1.37289258e-02 -1.16363407e-01 
 1.38038426e+04  1.00000000e+00  0.00000000e+00  1.31191288e-02 -1.13784960e-01 
 1.41253754e+04  1.00000000e+00  0.00000000e+00  1.25360727e-02 -1.11260593e-01 
 1.44543977e+04  1.00000000e+00  0.00000000e+00  1.19786150e-02 -1.08789374e-01 
 1.47910839e+04  1.00000000e+00  0.00000000e+00  1.14456592e-02 -1.06370372e-01 
 1.51356125e+04  1.00000000e+00  0.00000000e+00  1.09361533e-02 -1.04002663e-01 
 1.54881662e+04  1.00000000e+00  0.00000000e+00  1.04490885e-02 -1.01685324e-01 
 1.58489319e+04  1.00000000e+00  0.00000000e+00  9.98349713e-03 -9.94174377e-02 
 1.62181010e+04  1.00000000e+00  0.00000000e+00  9.53845167e-03 -9.71980947e-02 
 1.65958691e+04  1.00000000e+00  0.00000000e+00  9.11306287e-03 -9.50263908e-02 
 1.69824365e+04  1.00000000e+00  0.00000000e+00  8.70647849e-03 -9.29014301e-02 
 1.73780083e+04  1.00000000e+00  0.00000000e+00  8.31788182e-03 -9.08223247e-02 
 1.77827941e+04  1.00000000e+00  0.00000000e+00  7.94649037e-03 -8.87881955e-02 
 1.81970086e+04  1.00000000e+00  0.00000000e+00  7.59155451e-03 -8.67981729e-02 
 1.86208714e+04  1.00000000e+00  0.00000000e+00  7.25235623e-03 -8.48513969e-02 
 1.90546072e+04  1.00000000e+00  0.00000000e+00  6.92820787e-03 -8.29470180e-02 
 1.94984460e+04  1.00000000e+00  0.00000000e+00  6.61845092e-03 -8.10841971e-02 
 1.99526231e+04  1.00000000e+00  0.00000000e+00  6.32245489e-03 -7.92621060e-02 
 2.04173794e+04  1.00000000e+00  0.00000000e+00  6.03961616e-03 -7.74799277e-02 
 2.08929613e+04  1.00000000e+00  0.00000000e+00  5.76935692e-03 -7.57368566e-02 
 2.13796209e+04  1.00000000e+00  0.00000000e+00  5.51112413e-03 -7.40320987e-02 
 2.18776162e+04  1.00000000e+00  0.00000000e+00  5.26438847e-03 -7.23648719e-02 
 2.23872114e+04  1.00000000e+00  0.00000000e+00  5.02864343e-03 -7.07344059e-02 
 2.29086765e+04  1.00000000e+00  0.00000000e+00  4.80340433e-03 -6.91399424e-02 
 2.34422882e+04  1.00000000e+00  0.00000000e+00  4.58820744e-03 -6.75807354e-02 
 2.39883292e+04  1.00000000e+00  0.00000000e+00  4.38260911e-03 -6.60560508e-02 
 2.45470892e+04  1.00000000e+00  0.00000000e+00  4.18618493e-03 -6.45651670e-02 
 2.51188643e+04  1.00000000e+00  0.00000000e+00  3.99852894e-03 -6.31073744e-02 
 2.57039578e+04  1.00000000e+00  0.00000000e+00  3.81925281e-03 -6.16819757e-02 
 2.63026799e+04  1.00000000e+00  0.00000000e+00  3.64798519e-03 -6.02882857e-02 
 2.69153480e+04  1.00000000e+00  0.00000000e+00  3.48437090e-03 -5.89256316e-02 
 2.75422870e+04  1.00000000e+00  0.00000000e+00  3.32807029e-03 -5.75933524e-02 
 2.81838293e+04  1.00000000e+00  0.00000000e+00  3.17875859e-03 -5.62907993e-02 
 2.88403150e+04  1.00000000e+00  0.00000000e+00  3.03612526e-03 -5.50173355e-02 
 2.95120923e+04  1.00000000e+00  0.00000000e+00  2.89987338e-03 -5.37723359e-02 
 3.01995172e+04  1.00000000e+00  0.00000000e+00  2.76971907e-03 -5.25551874e-02 
 3.09029543e+04  1.00000000e+00  0.00000000e+00  2.64539094e-03 -5.13652884e-02 
 3.16227766e+04  1.00000000e+00  0.00000000e+00  2.52662956e-03 -5.02020488e-02 
 3.23593657e+04  1.00000000e+00  0.00000000e+00  2.41318692e-03 -4.90648902e-02 
 3.31131121e+04  1.00000000e+00  0.00000000e+00  2.30482595e-03 -4.79532452e-02 
 3.38844156e+04  1.00000000e+00  0.00000000e+00  2.20132005e-03 -4.68665578e-02 
 3.46736850e+04  1.00000000e+00  0.00000000e+00  2.10245262e-03 -4.58042827e-02 
 3.54813389e+04  1.00000000e+00  0.00000000e+00  2.00801668e-03 -4.47658860e-02 
 3.63078055e+04  1.00000000e+00  0.00000000e+00  1.91781437e-03 -4.37508440e-02 
 3.71535229e+04  1.00000000e+00  0.00000000e+00  1.83165660e-03 -4.27586440e-02 
 3.80189396e+04  1.00000000e+00  0.00000000e+00  1.74936269e-03 -4.17887834e-02 
 3.89045145e+04  1.00000000e+00  0.00000000e+00  1.67075994e-03 -4.08407701e-02 
 3.98107171e+04  1.00000000e+00  0.00000000e+00  1.59568335e-03 -3.99141221e-02 
 4.07380278e+04  1.00000000e+00  0.00000000e+00  1.52397522e-03 -3.90083673e-02 
 4.16869383e+04  1.00000000e+00  0.00000000e+00  1.45548487e-03 -3.81230433e-02 
 4.26579519e+04  1.00000000e+00  0.00000000e+00  1.39006832e-03 -3.72576975e-02 
 4.36515832e+04  1.00000000e+00  0.00000000e+00  1.32758799e-03 -3.64118868e-02 
 4.46683592e+04  1.00000000e+00  0.00000000e+00  1.26791245e-03 -3.55851774e-02 
 4.57088190e+04  1.00000000e+00  0.00000000e+00  1.21091609e-03 -3.47771444e-02 
 4.67735141e+04  1.00000000e+00  0.00000000e+00  1.15647892e-03 -3.39873723e-02 
 4.78630092e+04  1.00000000e+00  0.00000000e+00  1.10448628e-03 -3.32154541e-02 
 4.89778819e+04  1.00000000e+00  0.00000000e+00  1.05482865e-03 -3.24609917e-02 
 5.01187234e+04  1.00000000e+00  0.00000000e+00  1.00740136e-03 -3.17235954e-02 
 5.12861384e+04  1.00000000e+00  0.00000000e+00  9.62104455e-04 -3.10028839e-02 
 5.24807460e+04  1.00000000e+00  0.00000000e+00  9.18842409e-04 -3.02984841e-02 
 5.37031796e+04  1.00000000e+00  0.00000000e+00  8.77523978e-04 -2.96100309e-02 
 5.49540874e+04  1.00000000e+00  0.00000000e+00  8.38061992e-04 -2.89371672e-02 
 5.62341325e+04  1.00000000e+00  0.00000000e+00  8.00373178e-04 -2.82795435e-02 
 5.75439937e+04  1.00000000e+00  0.00000000e+00  7.64377986e-04 -2.76368181e-02 
 5.88843655e+04  1.00000000e+00  0.00000000e+00  7.30000424e-04 -2.70086565e-02 
 6.02559586e+04  1.00000000e+00  0.00000000e+00  6.97167898e-04 -2.63947316e-02 
 6.16595002e+04  1.00000000e+00  0.00000000e+00  6.65811066e-04 -2.57947235e-02 
 6.30957344e+04  1.00000000e+00  0.00000000e+00  6.35863686e-04 -2.52083193e-02 
 6.45654229e+04  1.00000000e+00  0.00000000e+00  6.07262485e-04 -2.46352130e-02 
 6.60693448e+04  1.00000000e+00  0.00000000e+00  5.79947022e-04 -2.40751050e-02 
 6.76082975e+04  1.00000000e+00  0.00000000e+00  5.53859563e-04 -2.35277029e-02 
 6.91830971e+04  1.00000000e+00  0.00000000e+00  5.28944962e-04 -2.29927201e-02 
 7.07945784e+04  1.00000000e+00  0.00000000e+00  5.05150543e-04 -2.24698768e-02 
 7.24435960e+04  1.00000000e+00  0.00000000e+00  4.82425991e-04 -2.19588993e-02 
 7.41310241e+04  1.00000000e+00  0.00000000e+00  4.60723248e-04 -2.14595196e-02 
 7.58577575e+04  1.00000000e+00  0.00000000e+00  4.39996410e-04 -2.09714762e-02 
 7.76247117e+04  1.00000000e+00  0.00000000e+00  4.20201631e-04 -2.04945130e-02 
 7.94328235e+04  1.00000000e+00  0.00000000e+00  4.01297032e-04 -2.00283797e-02 
 8.12830516e+04  1.00000000e+00  0.00000000e+00  3.83242612e-04 -1.95728316e-02 
 8.31763771e+04  1.00000000e+00  0.00000000e+00  3.66000166e-04 -1.91276295e-02 
 8.51138038e+04  1.00000000e+00  0.00000000e+00  3.49533203e-04 -1.86925394e-02 
 8.70963590e+04  1.00000000e+00  0.00000000e+00  3.33806869e-04 -1.82673326e-02 
 8.91250938e+04  1.00000000e+00  0.00000000e+00  3.18787874e-04 -1.78517856e-02 
 9.12010839e+04  1.00000000e+00  0.00000000e+00  3.04444424e-04 -1.74456796e-02 
 9.33254301e+04  1.00000000e+00  0.00000000e+00  2.90746152e-04 -1.70488011e-02 
 9.54992586e+04  1.00000000e+00  0.00000000e+00  2.77664053e-04 -1.66609410e-02 
 9.77237221e+04  1.00000000e+00  0.00000000e+00  2.65170426e-04 -1.62818952e-02 
 1.00000000e+05  1.00000000e+00  0.00000000e+00  2.53238813e-04 -1.59114639e-02 
 1.02329299e+05  1.00000000e+00  0.00000000e+00  2.41843945e-04 -1.55494520e-02 
 1.04712855e+05  1.00000000e+00  0.00000000e+00  2.30961689e-04 -1.51956686e-02 
 1.07151931e+05  1.00000000e+00  0.00000000e+00  2.20568993e-04 -1.48499274e-02 
 1.09647820e+05  1.00000000e+00  0.00000000e+00  2.10643844e-04 -1.45120458e-02 
 1.12201845e+05  1.00000000e+00  0.00000000e+00  2.01165217e-04 -1.41818458e-02 
 1.14815362e+05  1.00000000e+00  0.00000000e+00  1.92113030e-04 -1.38591530e-02 
 1.17489755e+05  1.00000000e+00  0.00000000e+00  1.83468106e-04 -1.35437973e-02 
 1.20226443e+05  1.00000000e+00  0.00000000e+00  1.75212127e-04 -1.32356121e-02 
 1.23026877e+05  1.00000000e+00  0.00000000e+00  1.67327602e-04 -1.29344348e-02 
 1.25892541e+05  1.00000000e+00  0.00000000e+00  1.59797823e-04 -1.26401063e-02 
 1.28824955e+05  1.00000000e+00  0.00000000e+00  1.52606834e-04 -1.23524712e-02 
 1.31825674e+05  1.00000000e+00  0.00000000e+00  1.45739396e-04 -1.20713775e-02 
 1.34896288e+05  1.00000000e+00  0.00000000e+00  1.39180955e-04 -1.17966768e-02 
 1.38038426e+05  1.00000000e+00  0.00000000e+00  1.32917613e-04 -1.15282239e-02 
 1.41253754e+05  1.00000000e+00  0.00000000e+00  1.26936095e-04 -1.12658769e-02 
 1.44543977e+05  1.00000000e+00  0.00000000e+00  1.21223722e-04 -1.10094971e-02 
 1.47910839e+05  1.00000000e+00  0.00000000e+00  1.15768387e-04 -1.07589491e-02 
 1.51356125e+05  1.00000000e+00  0.00000000e+00  1.10558527e-04 -1.05141003e-02 
 1.54881662e+05  1.00000000e+00  0.00000000e+00  1.05583099e-04 -1.02748212e-02 
 1.58489319e+05  1.00000000e+00  0.00000000e+00  1.00831556e-04 -1.00409855e-02 
 1.62181010e+05  1.00000000e+00  0.00000000e+00  9.62938257e-05 -9.81246927e-03 
 1.65958691e+05  1.00000000e+00  0.00000000e+00  9.19602882e-05 -9.58915176e-03 
 1.69824365e+05  1.00000000e+00  0.00000000e+00  8.78217569e-05 -9.37091480e-03 
 1.73780083e+05  1.00000000e+00  0.00000000e+00  8.38694582e-05 -9.15764294e-03 
 1.77827941e+05  1.00000000e+00  0.00000000e+00  8.00950132e-05 -8.94922332e-03 
 1.81970086e+05  1.00000000e+00  0.00000000e+00  7.64904195e-05 -8.74554565e-03 
 1.86208714e+05  1.00000000e+00  0.00000000e+00  7.30480350e-05 -8.54650215e-03 
 1.90546072e+05  1.00000000e+00  0.00000000e+00  6.97605612e-05 -8.35198747e-03 
 1.94984460e+05  1.00000000e+00  0.00000000e+00  6.66210279e-05 -8.16189865e-03 
 1.99526231e+05  1.00000000e+00  0.00000000e+00  6.36227785e-05 -7.97613507e-03 
 2.04173794e+05  1.00000000e+00  0.00000000e+00  6.07594557e-05 -7.79459839e-03 
 2.08929613e+05  1.00000000e+00  0.00000000e+00  5.80249884e-05 -7.61719250e-03 
 2.13796209e+05  1.00000000e+00  0.00000000e+00  5.54135785e-05 -7.44382347e-03 
 2.18776162e+05  1.00000000e+00  0.00000000e+00  5.29196886e-05 -7.27439950e-03 
 2.23872114e+05  1.00000000e+00  0.00000000e+00  5.05380306e-05 -7.10883088e-03 
 2.29086765e+05  1.00000000e+00  0.00000000e+00  4.82635543e-05 -6.94702994e-03 
 2.34422882e+05  1.00000000e+00  0.00000000e+00  4.60914367e-05 -6.78891098e-03 
 2.39883292e+05  1.00000000e+00  0.00000000e+00  4.40170716e-05 -6.63439026e-03 
 2.45470892e+05  1.00000000e+00  0.00000000e+00  4.20360604e-05 -6.48338595e-03 
 2.51188643e+05  1.00000000e+00  0.00000000e+00  4.01442019e-05 -6.33581805e-03 
 2.57039578e+05  1.00000000e+00  0.00000000e+00  3.83374845e-05 -6.19160841e-03 
 2.63026799e+05  1.00000000e+00  0.00000000e+00  3.66120766e-05 -6.05068064e-03 
 2.69153480e+05  1.00000000e+00  0.00000000e+00  3.49643193e-05 -5.91296007e-03 
 2.75422870e+05  1.00000000e+00  0.00000000e+00  3.33907183e-05 -5.77837376e-03 
 2.81838293e+05  1.00000000e+00  0.00000000e+00  3.18879363e-05 -5.64685041e-03 
 2.88403150e+05  1.00000000e+00  0.00000000e+00  3.04527865e-05 -5.51832032e-03 
 2.95120923e+05  1.00000000e+00  0.00000000e+00  2.90822252e-05 -5.39271540e-03 
 3.01995172e+05  1.00000000e+00  0.00000000e+00  2.77733458e-05 -5.26996911e-03 
 3.09029543e+05  1.00000000e+00  0.00000000e+00  2.65233725e-05 -5.15001641e-03 
 3.16227766e+05  1.00000000e+00  0.00000000e+00  2.53296543e-05 -5.03279373e-03 
 3.23593657e+05  1.00000000e+00  0.00000000e+00  2.41896596e-05 -4.91823896e-03 
 3.31131121e+05  1.00000000e+00  0.00000000e+00  2.31009708e-05 -4.80629141e-03 
 3.38844156e+05  1.00000000e+00  0.00000000e+00  2.20612788e-05 -4.69689174e-03 
 3.46736850e+05  1.00000000e+00  0.00000000e+00  2.10683786e-05 -4.58998199e-03 
 3.54813389e+05  1.00000000e+00  0.00000000e+00  2.01201644e-05 -4.48550550e-03 
 3.63078055e+05  1.00000000e+00  0.00000000e+00  1.92146252e-05 -4.38340690e-03 
 3.71535229e+05  1.00000000e+00  0.00000000e+00  1.83498405e-05 -4.28363208e-03 
 3.80189396e+05  1.00000000e+00  0.00000000e+00  1.75239761e-05 -4.18612817e-03 
 3.89045145e+05  1.00000000e+00  0.00000000e+00  1.67352805e-05 -4.09084348e-03 
 3.98107171e+05  1.00000000e+00  0.00000000e+00  1.59820808e-05 -3.99772753e-03 
 4.07380278e+05  1.00000000e+00  0.00000000e+00  1.52627797e-05 -3.90673095e-03 
 4.16869383e+05  1.00000000e+00  0.00000000e+00  1.45758514e-05 -3.81780552e-03 
 4.26579519e+05  1.00000000e+00  0.00000000e+00  1.39198392e-05 -3.73090410e-03 
 4.36515832e+05  1.00000000e+00  0.00000000e+00  1.32933515e-05 -3.64598064e-03 
 4.46683592e+05  1.00000000e+00  0.00000000e+00  1.26950598e-05 -3.56299012e-03 
 4.57088190e+05  1.00000000e+00  0.00000000e+00  1.21236949e-05 -3.48188855e-03 
 4.67735141e+05  1.00000000e+00  0.00000000e+00  1.15780450e-05 -3.40263295e-03 
 4.78630092e+05  1.00000000e+00  0.00000000e+00  1.10569529e-05 -3.32518130e-03 
 4.89778819e+05  1.00000000e+00  0.00000000e+00  1.05593133e-05 -3.24949255e-03 
 5.01187234e+05  1.00000000e+00  0.00000000e+00  1.00840707e-05 -3.17552658e-03 
 5.12861384e+05  1.00000000e+00  0.00000000e+00  9.63021717e-06 -3.10324418e-03 
 5.24807460e+05  1.00000000e+00  0.00000000e+00  9.19678998e-06 -3.03260703e-03 
 5.37031796e+05  1.00000000e+00  0.00000000e+00  8.78286989e-06 -2.96357769e-03 
 5.49540874e+05  1.00000000e+00  0.00000000e+00  8.38757894e-06 -2.89611957e-03 
 5.62341325e+05  1.00000000e+00  0.00000000e+00  8.01007873e-06 -2.83019691e-03 
 5.75439937e+05  1.00000000e+00  0.00000000e+00  7.64956855e-06 -2.76577476e-03 
 5.88843655e+05  1.00000000e+00  0.00000000e+00  7.30528377e-06 -2.70281897e-03 
 6.02559586e+05  1.00000000e+00  0.00000000e+00  6.97649413e-06 -2.64129617e-03 
 6.16595002e+05  1.00000000e+00  0.00000000e+00  6.66250227e-06 -2.58117374e-03 
 6.30957344e+05  1.00000000e+00  0.00000000e+00  6.36264218e-06 -2.52241981e-03 
 6.45654229e+05  1.00000000e+00  0.00000000e+00  6.07627785e-06 -2.46500323e-03 
 6.60693448e+05  1.00000000e+00  0.00000000e+00  5.80280188e-06 -2.40889357e-03 
 6.76082975e+05  1.00000000e+00  0.00000000e+00  5.54163422e-06 -2.35406107e-03 
 6.91830971e+05  1.00000000e+00  0.00000000e+00  5.29222092e-06 -2.30047667e-03 
 7.07945784e+05  1.00000000e+00  0.00000000e+00  5.05403294e-06 -2.24811196e-03 
 7.24435960e+05  1.00000000e+00  0.00000000e+00  4.82656509e-06 -2.19693919e-03 
 7.41310241e+05  1.00000000e+00  0.00000000e+00  4.60933488e-06 -2.14693121e-03 
 7.58577575e+05  1.00000000e+00  0.00000000e+00  4.40188155e-06 -2.09806153e-03 
 7.76247117e+05  1.00000000e+00  0.00000000e+00  4.20376507e-06 -2.05030422e-03 
 7.94328235e+05  1.00000000e+00  0.00000000e+00  4.01456524e-06 -2.00363398e-03 
 8.12830516e+05  1.00000000e+00  0.00000000e+00  3.83388073e-06 -1.95802606e-03 
 8.31763771e+05  1.00000000e+00  0.00000000e+00  3.66132831e-06 -1.91345627e-03 
 8.51138038e+05  1.00000000e+00  0.00000000e+00  3.49654196e-06 -1.86990100e-03 
 8.70963590e+05  1.00000000e+00  0.00000000e+00  3.33917218e-06 -1.82733714e-03 
 8.91250938e+05  1.00000000e+00  0.00000000e+00  3.18888515e-06 -1.78574214e-03 
 9.12010839e+05  1.00000000e+00  0.00000000e+00  3.04536211e-06 -1.74509393e-03 
 9.33254301e+05  1.00000000e+00  0.00000000e+00  2.90829864e-06 -1.70537098e-03 
 9.54992586e+05  1.00000000e+00  0.00000000e+00  2.77740400e-06 -1.66655222e-03 
 9.77237221e+05  1.00000000e+00  0.00000000e+00  2.65240056e-06 -1.62861706e-03 
 1.00000000e+06  1.00000000e+00  0.00000000e+00  2.53302317e-06 -1.59154540e-03 
 1.02329299e+06  1.00000000e+00  0.00000000e+00  2.41901863e-06 -1.55531758e-03 
 1.04712855e+06  1.00000000e+00  0.00000000e+00  2.31014511e-06 -1.51991440e-03 
 1.07151931e+06  1.00000000e+00  0.00000000e+00  2.20617168e-06 -1.48531707e-03 
 1.09647820e+06  1.00000000e+00  0.00000000e+00  2.10687781e-06 -1.45150727e-03 
 1.12201845e+06  1.00000000e+00  0.00000000e+00  2.01205288e-06 -1.41846707e-03 
 1.14815362e+06  1.00000000e+00  0.00000000e+00  1.92149575e-06 -1.38617894e-03 
 1.17489755e+06  1.00000000e+00  0.00000000e+00  1.83501436e-06 -1.35462577e-03 
 1.20226443e+06  1.00000000e+00  0.00000000e+00  1.75242525e-06 -1.32379084e-03 
 1.23026877e+06  1.00000000e+00  0.00000000e+00  1.67355325e-06 -1.29365778e-03 
 1.25892541e+06  1.00000000e+00  0.00000000e+00  1.59823107e-06 -1.26421063e-03 
 1.28824955e+06  1.00000000e+00  0.00000000e+00  1.52629893e-06 -1.23543377e-03 
 1.31825674e+06  1.00000000e+00  0.00000000e+00  1.45760426e-06 -1.20731195e-03 
 1.34896288e+06  1.00000000e+00  0.00000000e+00  1.39200136e-06 -1.17983025e-03 
 1.38038426e+06  1.00000000e+00  0.00000000e+00  1.32935106e-06 -1.15297411e-03 
 1.41253754e+06  1.00000000e+00  0.00000000e+00  1.26952048e-06 -1.12672928e-03 
 1.44543977e+06  1.00000000e+00  0.00000000e+00  1.21238272e-06 -1.10108185e-03 
 1.47910839e+06  1.00000000e+00  0.00000000e+00  1.15781657e-06 -1.07601823e-03 
 1.51356125e+06  1.00000000e+00  0.00000000e+00  1.10570630e-06 -1.05152512e-03 
 1.54881662e+06  1.00000000e+00  0.00000000e+00  1.05594137e-06 -1.02758954e-03 
 1.58489319e+06  1.00000000e+00  0.00000000e+00  1.00841623e-06 -1.00419879e-03 
 1.62181010e+06  1.00000000e+00  0.00000000e+00  9.63030064e-07 -9.81340479e-04 
 1.65958691e+06  1.00000000e+00  0.00000000e+00  9.19686611e-07 -9.59002484e-04 
 1.69824365e+06  1.00000000e+00  0.00000000e+00  8.78293931e-07 -9.37172961e-04 
 1.73780083e+06  1.00000000e+00  0.00000000e+00  8.38764226e-07 -9.15840337e-04 
 1.77827941e+06  1.00000000e+00  0.00000000e+00  8.01013647e-07 -8.94993299e-04 
 1.81970086e+06  1.00000000e+00  0.00000000e+00  7.64962122e-07 -8.74620796e-04 
 1.86208714e+06  1.00000000e+00  0.00000000e+00  7.30533180e-07 -8.54712026e-04 
 1.90546072e+06  1.00000000e+00  0.00000000e+00  6.97653794e-07 -8.35256432e-04 
 1.94984460e+06  1.00000000e+00  0.00000000e+00  6.66254222e-07 -8.16243700e-04 
 1.99526231e+06  1.00000000e+00  0.00000000e+00  6.36267861e-07 -7.97663749e-04 
 2.04173794e+06  1.00000000e+00  0.00000000e+00  6.07631108e-07 -7.79506728e-04 
 2.08929613e+06  1.00000000e+00  0.00000000e+00  5.80283219e-07 -7.61763009e-04 
 2.13796209e+06  1.00000000e+00  0.00000000e+00  5.54166186e-07 -7.44423185e-04 
 2.18776162e+06  1.00000000e+00  0.00000000e+00  5.29224612e-07 -7.27478063e-04 
 2.23872114e+06  1.00000000e+00  0.00000000e+00  5.05405593e-07 -7.10918658e-04 
 2.29086765e+06  1.00000000e+00  0.00000000e+00  4.82658605e-07 -6.94736189e-04 
 2.34422882e+06  1.00000000e+00  0.00000000e+00  4.60935400e-07 -6.78922077e-04 
 2.39883292e+06  1.00000000e+00  0.00000000e+00  4.40189898e-07 -6.63467938e-04 
 2.45470892e+06  1.00000000e+00  0.00000000e+00  4.20378098e-07 -6.48365577e-04 
 2.51188643e+06  1.00000000e+00  0.00000000e+00  4.01457974e-07 -6.33606986e-04 
 2.57039578e+06  1.00000000e+00  0.00000000e+00  3.83389396e-07 -6.19184342e-04 
 2.63026799e+06  1.00000000e+00  0.00000000e+00  3.66134037e-07 -6.05089996e-04 
 2.69153480e+06  1.00000000e+00  0.00000000e+00  3.49655297e-07 -5.91316476e-04 
 2.75422870e+06  1.00000000e+00  0.00000000e+00  3.33918221e-07 -5.77856478e-04 
 2.81838293e+06  1.00000000e+00  0.00000000e+00  3.18889430e-07 -5.64702868e-04 
 2.88403150e+06  1.00000000e+00  0.00000000e+00  3.04537046e-07 -5.51848669e-04 
 2.95120923e+06  1.00000000e+00  0.00000000e+00  2.90830625e-07 -5.39287067e-04 
 3.01995172e+06  1.00000000e+00  0.00000000e+00  2.77741095e-07 -5.27011402e-04 
 3.09029543e+06  1.00000000e+00  0.00000000e+00  2.65240689e-07 -5.15015164e-04 
 3.16227766e+06  1.00000000e+00  0.00000000e+00  2.53302895e-07 -5.03291994e-04 
 3.23593657e+06  1.00000000e+00  0.00000000e+00  2.41902389e-07 -4.91835675e-04 
 3.31131121e+06  1.00000000e+00  0.00000000e+00  2.31014991e-07 -4.80640133e-04 
 3.38844156e+06  1.00000000e+00  0.00000000e+00  2.20617606e-07 -4.69699433e-04 
 3.46736850e+06  1.00000000e+00  0.00000000e+00  2.10688180e-07 -4.59007773e-04 
 3.54813389e+06  1.00000000e+00  0.00000000e+00  2.01205652e-07 -4.48559485e-04 
 3.63078055e+06  1.00000000e+00  0.00000000e+00  1.92149908e-07 -4.38349028e-04 
 3.71535229e+06  1.00000000e+00  0.00000000e+00  1.83501739e-07 -4.28370990e-04 
 3.80189396e+06  1.00000000e+00  0.00000000e+00  1.75242801e-07 -4.18620079e-04 
 3.89045145e+06  1.00000000e+00  0.00000000e+00  1.67355577e-07 -4.09091126e-04 
 3.98107171e+06  1.00000000e+00  0.00000000e+00  1.59823337e-07 -3.99779078e-04 
 4.07380278e+06  1.00000000e+00  0.00000000e+00  1.52630103e-07 -3.90678998e-04 
 4.16869383e+06  1.00000000e+00  0.00000000e+00  1.45760618e-07 -3.81786061e-04 
 4.26579519e+06  1.00000000e+00  0.00000000e+00  1.39200310e-07 -3.73095552e-04 
 4.36515832e+06  1.00000000e+00  0.00000000e+00  1.32935265e-07 -3.64602862e-04 
 4.46683592e+06  1.00000000e+00  0.00000000e+00  1.26952193e-07 -3.56303490e-04 
 4.57088190e+06  1.00000000e+00  0.00000000e+00  1.21238404e-07 -3.48193035e-04 
 4.67735141e+06  1.00000000e+00  0.00000000e+00  1.15781778e-07 -3.40267195e-04 
 4.78630092e+06  1.00000000e+00  0.00000000e+00  1.10570740e-07 -3.32521770e-04 
 4.89778819e+06  1.00000000e+00  0.00000000e+00  1.05594237e-07 -3.24952652e-04 
 5.01187234e+06  1.00000000e+00  0.00000000e+00  1.00841714e-07 -3.17555828e-04 
 5.12861384e+06  1.00000000e+00  0.00000000e+00  9.63030898e-08 -3.10327376e-04 
 5.24807460e+06  1.00000000e+00  0.00000000e+00  9.19687372e-08 -3.03263464e-04 
 5.37031796e+06  1.00000000e+00  0.00000000e+00  8.78294625e-08 -2.96360346e-04 
 5.49540874e+06  1.00000000e+00  0.00000000e+00  8.38764859e-08 -2.89614362e-04 
 5.62341325e+06  1.00000000e+00  0.00000000e+00  8.01014225e-08 -2.83021936e-04 
 5.75439937e+06  1.00000000e+00  0.00000000e+00  7.64962649e-08 -2.76579571e-04 
 5.88843655e+06  1.00000000e+00  0.00000000e+00  7.30533661e-08 -2.70283852e-04 
 6.02559586e+06  1.00000000e+00  0.00000000e+00  6.97654232e-08 -2.64131441e-04 
 6.16595002e+06  1.00000000e+00  0.00000000e+00  6.66254621e-08 -2.58119077e-04 
 6.30957344e+06  1.00000000e+00  0.00000000e+00  6.36268226e-08 -2.52243570e-04 
 6.45654229e+06  1.00000000e+00  0.00000000e+00  6.07631440e-08 -2.46501806e-04 
 6.60693448e+06  1.00000000e+00  0.00000000e+00  5.80283522e-08 -2.40890740e-04 
 6.76082975e+06  1.00000000e+00  0.00000000e+00  5.54166462e-08 -2.35407398e-04 
 6.91830971e+06  1.00000000e+00  0.00000000e+00  5.29224864e-08 -2.30048872e-04 
 7.07945784e+06  1.00000000e+00  0.00000000e+00  5.05405823e-08 -2.24812321e-04 
 7.24435960e+06  1.00000000e+00  0.00000000e+00  4.82658815e-08 -2.19694968e-04 
 7.41310241e+06  1.00000000e+00  0.00000000e+00  4.60935591e-08 -2.14694101e-04 
 7.58577575e+06  1.00000000e+00  0.00000000e+00  4.40190073e-08 -2.09807067e-04 
 7.76247117e+06  1.00000000e+00  0.00000000e+00  4.20378257e-08 -2.05031275e-04 
 7.94328235e+06  1.00000000e+00  0.00000000e+00  4.01458119e-08 -2.00364194e-04 
 8.12830516e+06  1.00000000e+00  0.00000000e+00  3.83389528e-08 -1.95803349e-04 
 8.31763771e+06  1.00000000e+00  0.00000000e+00  3.66134158e-08 -1.91346321e-04 
 8.51138038e+06  1.00000000e+00  0.00000000e+00  3.49655407e-08 -1.86990747e-04 
 8.70963590e+06  1.00000000e+00  0.00000000e+00  3.33918322e-08 -1.82734318e-04 
 8.91250938e+06  1.00000000e+00  0.00000000e+00  3.18889522e-08 -1.78574778e-04 
 9.12010839e+06  1.00000000e+00  0.00000000e+00  3.04537130e-08 -1.74509920e-04 
 9.33254301e+06  1.00000000e+00  0.00000000e+00  2.90830701e-08 -1.70537589e-04 
 9.54992586e+06  1.00000000e+00  0.00000000e+00  2.77741164e-08 -1.66655680e-04 
 9.77237221e+06  1.00000000e+00  0.00000000e+00  2.65240753e-08 -1.62862134e-04 
 1.00000000e+07  1.00000000e+00  0.00000000e+00  2.53302953e-08 -1.59154939e-04 
 1.02329299e+07  1.00000000e+00  0.00000000e+00  2.41902442e-08 -1.55532131e-04 
 1.04712855e+07  1.00000000e+00  0.00000000e+00  2.31015039e-08 -1.51991787e-04 
 1.07151931e+07  1.00000000e+00  0.00000000e+00  2.20617650e-08 -1.48532032e-04 
 1.09647820e+07  1.00000000e+00  0.00000000e+00  2.10688220e-08 -1.45151030e-04 
 1.12201845e+07  1.00000000e+00  0.00000000e+00  2.01205688e-08 -1.41846989e-04 
 1.14815362e+07  1.00000000e+00  0.00000000e+00  1.92149941e-08 -1.38618158e-04 
 1.17489755e+07  1.00000000e+00  0.00000000e+00  1.83501769e-08 -1.35462824e-04 
 1.20226443e+07  1.00000000e+00  0.00000000e+00  1.75242829e-08 -1.32379313e-04 
 1.23026877e+07  1.00000000e+00  0.00000000e+00  1.67355603e-08 -1.29365992e-04 
 1.25892541e+07  1.00000000e+00  0.00000000e+00  1.59823360e-08 -1.26421263e-04 
 1.28824955e+07  1.00000000e+00  0.00000000e+00  1.52630124e-08 -1.23543564e-04 
 1.31825674e+07  1.00000000e+00  0.00000000e+00  1.45760637e-08 -1.20731369e-04 
 1.34896288e+07  1.00000000e+00  0.00000000e+00  1.39200328e-08 -1.17983188e-04 
 1.38038426e+07  1.00000000e+00  0.00000000e+00  1.32935281e-08 -1.15297562e-04 
 1.41253754e+07  1.00000000e+00  0.00000000e+00  1.26952208e-08 -1.12673070e-04 
 1.44543977e+07  1.00000000e+00  0.00000000e+00  1.21238417e-08 -1.10108317e-04 
 1.47910839e+07  1.00000000e+00  0.00000000e+00  1.15781790e-08 -1.07601946e-04 
 1.51356125e+07  1.00000000e+00  0.00000000e+00  1.10570751e-08 -1.05152627e-04 
 1.54881662e+07  1.00000000e+00  0.00000000e+00  1.05594247e-08 -1.02759061e-04 
 1.58489319e+07  1.00000000e+00  0.00000000e+00  1.00841723e-08 -1.00419979e-04 
 1.62181010e+07  1.00000000e+00  0.00000000e+00  9.63030982e-09 -9.81341415e-05 
 1.65958691e+07  1.00000000e+00  0.00000000e+00  9.19687448e-09 -9.59003357e-05 
 1.69824365e+07  1.00000000e+00  0.00000000e+00  8.78294695e-09 -9.37173776e-05 
 1.73780083e+07  1.00000000e+00  0.00000000e+00  8.38764922e-09 -9.15841097e-05 
 1.77827941e+07  1.00000000e+00  0.00000000e+00  8.01014282e-09 -8.94994009e-05 
 1.81970086e+07  1.00000000e+00  0.00000000e+00  7.64962701e-09 -8.74621458e-05 
 1.86208714e+07  1.00000000e+00  0.00000000e+00  7.30533709e-09 -8.54712644e-05 
 1.90546072e+07  1.00000000e+00  0.00000000e+00  6.97654276e-09 -8.35257009e-05 
 1.94984460e+07  1.00000000e+00  0.00000000e+00  6.66254661e-09 -8.16244238e-05 
 1.99526231e+07  1.00000000e+00  0.00000000e+00  6.36268262e-09 -7.97664251e-05 
 2.04173794e+07  1.00000000e+00  0.00000000e+00  6.07631473e-09 -7.79507197e-05 
 2.08929613e+07  1.00000000e+00  0.00000000e+00  5.80283552e-09 -7.61763447e-05 
 2.13796209e+07  1.00000000e+00  0.00000000e+00  5.54166490e-09 -7.44423594e-05 
 2.18776162e+07  1.00000000e+00  0.00000000e+00  5.29224890e-09 -7.27478444e-05 
 2.23872114e+07  1.00000000e+00  0.00000000e+00  5.05405846e-09 -7.10919013e-05 
 2.29086765e+07  1.00000000e+00  0.00000000e+00  4.82658836e-09 -6.94736521e-05 
 2.34422882e+07  1.00000000e+00  0.00000000e+00  4.60935610e-09 -6.78922387e-05 
 2.39883292e+07  1.00000000e+00  0.00000000e+00  4.40190090e-09 -6.63468227e-05 
 2.45470892e+07  1.00000000e+00  0.00000000e+00  4.20378273e-09 -6.48365847e-05 
 2.51188643e+07  1.00000000e+00  0.00000000e+00  4.01458134e-09 -6.33607238e-05 
 2.57039578e+07  1.00000000e+00  0.00000000e+00  3.83389542e-09 -6.19184577e-05 
 2.63026799e+07  1.00000000e+00  0.00000000e+00  3.66134170e-09 -6.05090215e-05 
 2.69153480e+07  1.00000000e+00  0.00000000e+00  3.49655418e-09 -5.91316680e-05 
 2.75422870e+07  1.00000000e+00  0.00000000e+00  3.33918332e-09 -5.77856670e-05 
 2.81838293e+07  1.00000000e+00  0.00000000e+00  3.18889531e-09 -5.64703046e-05 
 2.88403150e+07  1.00000000e+00  0.00000000e+00  3.04537138e-09 -5.51848835e-05 
 2.95120923e+07  1.00000000e+00  0.00000000e+00  2.90830709e-09 -5.39287222e-05 
 3.01995172e+07  1.00000000e+00  0.00000000e+00  2.77741171e-09 -5.27011546e-05 
 3.09029543e+07  1.00000000e+00  0.00000000e+00  2.65240759e-09 -5.15015299e-05 
 3.16227766e+07  1.00000000e+00  0.00000000e+00  2.53302958e-09 -5.03292120e-05 
 3.23593657e+07  1.00000000e+00  0.00000000e+00  2.41902447e-09 -4.91835793e-05 
 3.31131121e+07  1.00000000e+00  0.00000000e+00  2.31015044e-09 -4.80640243e-05 
 3.38844156e+07  1.00000000e+00  0.00000000e+00  2.20617654e-09 -4.69699535e-05 
 3.46736850e+07  1.00000000e+00  0.00000000e+00  2.10688224e-09 -4.59007869e-05 
 3.54813389e+07  1.00000000e+00  0.00000000e+00  2.01205692e-09 -4.48559574e-05 
 3.63078055e+07  1.00000000e+00  0.00000000e+00  1.92149944e-09 -4.38349112e-05 
 3.71535229e+07  1.00000000e+00  0.00000000e+00  1.83501772e-09 -4.28371068e-05 
 3.80189396e+07  1.00000000e+00  0.00000000e+00  1.75242832e-09 -4.18620152e-05 
 3.89045145e+07  1.00000000e+00  0.00000000e+00  1.67355605e-09 -4.09091194e-05 
 3.98107171e+07  1.00000000e+00  0.00000000e+00  1.59823362e-09 -3.99779141e-05 
 4.07380278e+07  1.00000000e+00  0.00000000e+00  1.52630126e-09 -3.90679057e-05 
 4.16869383e+07  1.00000000e+00  0.00000000e+00  1.45760639e-09 -3.81786116e-05 
 4.26579519e+07  1.00000000e+00  0.00000000e+00  1.39200329e-09 -3.73095603e-05 
 4.36515832e+07  1.00000000e+00  0.00000000e+00  1.32935282e-09 -3.64602910e-05 
 4.46683592e+07  1.00000000e+00  0.00000000e+00  1.26952209e-09 -3.56303535e-05 
 4.57088190e+07  1.00000000e+00  0.00000000e+00  1.21238419e-09 -3.48193076e-05 
 4.67735141e+07  1.00000000e+00  0.00000000e+00  1.15781791e-09 -3.40267234e-05 
 4.78630092e+07  1.00000000e+00  0.00000000e+00  1.10570752e-09 -3.32521806e-05 
 4.89778819e+07  1.00000000e+00  0.00000000e+00  1.05594248e-09 -3.24952686e-05 
 5.01187234e+07  1.00000000e+00  0.00000000e+00  1.00841724e-09 -3.17555860e-05 
 5.12861384e+07  1.00000000e+00  0.00000000e+00  9.63030990e-10 -3.10327406e-05 
 5.24807460e+07  1.00000000e+00  0.00000000e+00  9.19687456e-10 -3.03263492e-05 
 5.37031796e+07  1.00000000e+00  0.00000000e+00  8.78294702e-10 -2.96360372e-05 
 5.49540874e+07  1.00000000e+00  0.00000000e+00  8.38764929e-10 -2.89614386e-05 
 5.62341325e+07  1.00000000e+00  0.00000000e+00  8.01014288e-10 -2.83021958e-05 
 5.75439937e+07  1.00000000e+00  0.00000000e+00  7.64962707e-10 -2.76579592e-05 
 5.88843655e+07  1.00000000e+00  0.00000000e+00  7.30533713e-10 -2.70283872e-05 
 6.02559586e+07  1.00000000e+00  0.00000000e+00  6.97654280e-10 -2.64131460e-05 
 6.16595002e+07  1.00000000e+00  0.00000000e+00  6.66254665e-10 -2.58119094e-05 
 6.30957344e+07  1.00000000e+00  0.00000000e+00  6.36268266e-10 -2.52243586e-05 
 6.45654229e+07  1.00000000e+00  0.00000000e+00  6.07631476e-10 -2.46501821e-05 
 6.60693448e+07  1.00000000e+00  0.00000000e+00  5.80283555e-10 -2.40890754e-05 
 6.76082975e+07  1.00000000e+00  0.00000000e+00  5.54166493e-10 -2.35407411e-05 
 6.91830971e+07  1.00000000e+00  0.00000000e+00  5.29224892e-10 -2.30048884e-05 
 7.07945784e+07  1.00000000e+00  0.00000000e+00  5.05405848e-10 -2.24812332e-05 
 7.24435960e+07  1.00000000e+00  0.00000000e+00  4.82658838e-10 -2.19694979e-05 
 7.41310241e+07  1.00000000e+00  0.00000000e+00  4.60935612e-10 -2.14694111e-05 
 7.58577575e+07  1.00000000e+00  0.00000000e+00  4.40190092e-10 -2.09807076e-05 
 7.76247117e+07  1.00000000e+00  0.00000000e+00  4.20378274e-10 -2.05031284e-05 
 7.94328235e+07  1.00000000e+00  0.00000000e+00  4.01458135e-10 -2.00364202e-05 
 8.12830516e+07  1.00000000e+00  0.00000000e+00  3.83389543e-10 -1.95803356e-05 
 8.31763771e+07  1.00000000e+00  0.00000000e+00  3.66134171e-10 -1.91346328e-05 
 8.51138038e+07  1.00000000e+00  0.00000000e+00  3.49655419e-10 -1.86990753e-05 
 8.70963590e+07  1.00000000e+00  0.00000000e+00  3.33918333e-10 -1.82734324e-05 
 8.91250938e+07  1.00000000e+00  0.00000000e+00  3.18889532e-10 -1.78574783e-05 
 9.12010839e+07  1.00000000e+00  0.00000000e+00  3.04537139e-10 -1.74509925e-05 
 9.33254301e+07  1.00000000e+00  0.00000000e+00  2.90830710e-10 -1.70537594e-05 
 9.54992586e+07  1.00000000e+00  0.00000000e+00  2.77741172e-10 -1.66655684e-05 
 9.77237221e+07  1.00000000e+00  0.00000000e+00  2.65240760e-10 -1.62862138e-05 
 1.00000000e+08  1.00000000e+00  0.00000000e+00  2.53302959e-10 -1.59154943e-05 
 1.02329299e+08  1.00000000e+00  0.00000000e+00  2.41902448e-10 -1.55532134e-05 
 1.04712855e+08  1.00000000e+00  0.00000000e+00  2.31015044e-10 -1.51991791e-05 
 1.07151931e+08  1.00000000e+00  0.00000000e+00  2.20617655e-10 -1.48532035e-05 
 1.09647820e+08  1.00000000e+00  0.00000000e+00  2.10688224e-10 -1.45151033e-05 
 1.12201845e+08  1.00000000e+00  0.00000000e+00  2.01205692e-10 -1.41846992e-05 
 1.14815362e+08  1.00000000e+00  0.00000000e+00  1.92149944e-10 -1.38618161e-05 
 1.17489755e+08  1.00000000e+00  0.00000000e+00  1.83501772e-10 -1.35462826e-05 
 1.20226443e+08  1.00000000e+00  0.00000000e+00  1.75242832e-10 -1.32379316e-05 
 1.23026877e+08  1.00000000e+00  0.00000000e+00  1.67355605e-10 -1.29365995e-05 
 1.25892541e+08  1.00000000e+00  0.00000000e+00  1.59823362e-10 -1.26421265e-05 
 1.28824955e+08  1.00000000e+00  0.00000000e+00  1.52630126e-10 -1.23543566e-05 
 1.31825674e+08  1.00000000e+00  0.00000000e+00  1.45760639e-10 -1.20731371e-05 
 1.34896288e+08  1.00000000e+00  0.00000000e+00  1.39200329e-10 -1.17983189e-05 
 1.38038426e+08  1.00000000e+00  0.00000000e+00  1.32935283e-10 -1.15297564e-05 
 1.41253754e+08  1.00000000e+00  0.00000000e+00  1.26952209e-10 -1.12673071e-05 
 1.44543977e+08  1.00000000e+00  0.00000000e+00  1.21238419e-10 -1.10108319e-05 
 1.47910839e+08  1.00000000e+00  0.00000000e+00  1.15781791e-10 -1.07601947e-05 
 1.51356125e+08  1.00000000e+00  0.00000000e+00  1.10570752e-10 -1.05152628e-05 
 1.54881662e+08  1.00000000e+00  0.00000000e+00  1.05594248e-10 -1.02759062e-05 
 1.58489319e+08  1.00000000e+00  0.00000000e+00  1.00841724e-10 -1.00419980e-05 
 1.62181010e+08  1.00000000e+00  0.00000000e+00  9.63030991e-11 -9.81341424e-06 
 1.65958691e+08  1.00000000e+00  0.00000000e+00  9.19687457e-11 -9.59003366e-06 
 1.69824365e+08  1.00000000e+00  0.00000000e+00  8.78294702e-11 -9.37173784e-06 
 1.73780083e+08  1.00000000e+00  0.00000000e+00  8.38764929e-11 -9.15841105e-06 
 1.77827941e+08  1.00000000e+00  0.00000000e+00  8.01014289e-11 -8.94994016e-06 
 1.81970086e+08  1.00000000e+00  0.00000000e+00  7.64962707e-11 -8.74621465e-06 
 1.86208714e+08  1.00000000e+00  0.00000000e+00  7.30533714e-11 -8.54712650e-06 
 1.90546072e+08  1.00000000e+00  0.00000000e+00  6.97654281e-11 -8.35257015e-06 
 1.94984460e+08  1.00000000e+00  0.00000000e+00  6.66254666e-11 -8.16244244e-06 
 1.99526231e+08  1.00000000e+00  0.00000000e+00  6.36268266e-11 -7.97664256e-06 
 2.04173794e+08  1.00000000e+00  0.00000000e+00  6.07631477e-11 -7.79507201e-06 
 2.08929613e+08  1.00000000e+00  0.00000000e+00  5.80283555e-11 -7.61763451e-06 
 2.13796209e+08  1.00000000e+00  0.00000000e+00  5.54166493e-11 -7.44423598e-06 
 2.18776162e+08  1.00000000e+00  0.00000000e+00  5.29224892e-11 -7.27478448e-06 
 2.23872114e+08  1.00000000e+00  0.00000000e+00  5.05405849e-11 -7.10919017e-06 
 2.29086765e+08  1.00000000e+00  0.00000000e+00  4.82658838e-11 -6.94736524e-06 
 2.34422882e+08  1.00000000e+00  0.00000000e+00  4.60935612e-11 -6.78922390e-06 
 2.39883292e+08  1.00000000e+00  0.00000000e+00  4.40190092e-11 -6.63468230e-06 
 2.45470892e+08  1.00000000e+00  0.00000000e+00  4.20378275e-11 -6.48365849e-06 
 2.51188643e+08  1.00000000e+00  0.00000000e+00  4.01458136e-11 -6.33607241e-06 
 2.57039578e+08  1.00000000e+00  0.00000000e+00  3.83389543e-11 -6.19184579e-06 
 2.63026799e+08  1.00000000e+00  0.00000000e+00  3.66134171e-11 -6.05090217e-06 
 2.69153480e+08  1.00000000e+00  0.00000000e+00  3.49655419e-11 -5.91316682e-06 
 2.75422870e+08  1.00000000e+00  0.00000000e+00  3.33918333e-11 -5.77856671e-06 
 2.81838293e+08  1.00000000e+00  0.00000000e+00  3.18889532e-11 -5.64703048e-06 
 2.88403150e+08  1.00000000e+00  0.00000000e+00  3.04537139e-11 -5.51848837e-06 
 2.95120923e+08  1.00000000e+00  0.00000000e+00  2.90830710e-11 -5.39287224e-06 
 3.01995172e+08  1.00000000e+00  0.00000000e+00  2.77741172e-11 -5.27011548e-06 
 3.09029543e+08  1.00000000e+00  0.00000000e+00  2.65240760e-11 -5.15015301e-06 
 3.16227766e+08  1.00000000e+00  0.00000000e+00  2.53302959e-11 -5.03292121e-06 
 3.23593657e+08  1.00000000e+00  0.00000000e+00  2.41902448e-11 -4.91835794e-06 
 3.31131121e+08  1.00000000e+00  0.00000000e+00  2.31015044e-11 -4.80640244e-06 
 3.38844156e+08  1.00000000e+00  0.00000000e+00  2.20617655e-11 -4.69699537e-06 
 3.46736850e+08  1.00000000e+00  0.00000000e+00  2.10688224e-11 -4.59007870e-06 
 3.54813389e+08  1.00000000e+00  0.00000000e+00  2.01205692e-11 -4.48559575e-06 
 3.63078055e+08  1.00000000e+00  0.00000000e+00  1.92149944e-11 -4.38349113e-06 
 3.71535229e+08  1.00000000e+00  0.00000000e+00  1.83501772e-11 -4.28371069e-06 
 3.80189396e+08  1.00000000e+00  0.00000000e+00  1.75242832e-11 -4.18620153e-06 
 3.89045145e+08  1.00000000e+00  0.00000000e+00  1.67355605e-11 -4.09091195e-06 
 3.98107171e+08  1.00000000e+00  0.00000000e+00  1.59823362e-11 -3.99779142e-06 
 4.07380278e+08  1.00000000e+00  0.00000000e+00  1.52630126e-11 -3.90679058e-06 
 4.16869383e+08  1.00000000e+00  0.00000000e+00  1.45760639e-11 -3.81786117e-06 
 4.26579519e+08  1.00000000e+00  0.00000000e+00  1.39200329e-11 -3.73095604e-06 
 4.36515832e+08  1.00000000e+00  0.00000000e+00  1.32935283e-11 -3.64602911e-06 
 4.46683592e+08  1.00000000e+00  0.00000000e+00  1.26952209e-11 -3.56303535e-06 
 4.57088190e+08  1.00000000e+00  0.00000000e+00  1.21238419e-11 -3.48193077e-06 
 4.67735141e+08  1.00000000e+00  0.00000000e+00  1.15781791e-11 -3.40267235e-06 
 4.78630092e+08  1.00000000e+00  0.00000000e+00  1.10570752e-11 -3.32521807e-06 
 4.89778819e+08  1.00000000e+00  0.00000000e+00  1.05594248e-11 -3.24952686e-06 
 5.01187234e+08  1.00000000e+00  0.00000000e+00  1.00841724e-11 -3.17555860e-06 
 5.12861384e+08  1.00000000e+00  0.00000000e+00  9.63030991e-12 -3.10327406e-06 
 5.24807460e+08  1.00000000e+00  0.00000000e+00  9.19687457e-12 -3.03263492e-06 
 5.37031796e+08  1.00000000e+00  0.00000000e+00  8.78294702e-12 -2.96360372e-06 
 5.49540874e+08  1.00000000e+00  0.00000000e+00  8.38764929e-12 -2.89614387e-06 
 5.62341325e+08  1.00000000e+00  0.00000000e+00  8.01014289e-12 -2.83021958e-06 
 5.75439937e+08  1.00000000e+00  0.00000000e+00  7.64962707e-12 -2.76579592e-06 
 5.88843655e+08  1.00000000e+00  0.00000000e+00  7.30533714e-12 -2.70283872e-06 
 6.02559586e+08  1.00000000e+00  0.00000000e+00  6.97654281e-12 -2.64131460e-06 
 6.16595002e+08  1.00000000e+00  0.00000000e+00  6.66254666e-12 -2.58119094e-06 
 6.30957344e+08  1.00000000e+00  0.00000000e+00  6.36268266e-12 -2.52243586e-06 
 6.45654229e+08  1.00000000e+00  0.00000000e+00  6.07631477e-12 -2.46501821e-06 
 6.60693448e+08  1.00000000e+00  0.00000000e+00  5.80283555e-12 -2.40890754e-06 
 6.76082975e+08  1.00000000e+00  0.00000000e+00  5.54166493e-12 -2.35407411e-06 
 6.91830971e+08  1.00000000e+00  0.00000000e+00  5.29224892e-12 -2.30048884e-06 
 7.07945784e+08  1.00000000e+00  0.00000000e+00  5.05405849e-12 -2.24812333e-06 
 7.24435960e+08  1.00000000e+00  0.00000000e+00  4.82658838e-12 -2.19694979e-06 
 7.41310241e+08  1.00000000e+00  0.00000000e+00  4.60935612e-12 -2.14694111e-06 
 7.58577575e+08  1.00000000e+00  0.00000000e+00  4.40190092e-12 -2.09807076e-06 
 7.76247117e+08  1.00000000e+00  0.00000000e+00  4.20378275e-12 -2.05031284e-06 
 7.94328235e+08  1.00000000e+00  0.00000000e+00  4.01458136e-12 -2.00364202e-06 
 8.12830516e+08  1.00000000e+00  0.00000000e+00  3.83389543e-12 -1.95803356e-06 
 8.31763771e+08  1.00000000e+00  0.00000000e+00  3.66134171e-12 -1.91346328e-06 
 8.51138038e+08  1.00000000e+00  0.00000000e+00  3.49655419e-12 -1.86990753e-06 
 8.70963590e+08  1.00000000e+00  0.00000000e+00  3.33918333e-12 -1.82734324e-06 
 8.91250938e+08  1.00000000e+00  0.00000000e+00  3.18889532e-12 -1.78574783e-06 
 9.12010839e+08  1.00000000e+00  0.00000000e+00  3.04537139e-12 -1.74509925e-06 
 9.33254301e+08  1.00000000e+00  0.00000000e+00  2.90830710e-12 -1.70537594e-06 
 9.54992586e+08  1.00000000e+00  0.00000000e+00  2.77741172e-12 -1.66655684e-06 
 9.77237221e+08  1.00000000e+00  0.00000000e+00  2.65240760e-12 -1.62862138e-06 
 1.00000000e+09  1.00000000e+00  0.00000000e+00  2.53302959e-12 -1.59154943e-06 
